Orthogroup	Dufourea_novaeangliae	Eufriesea_mexicana
OG0000000	XP_015437079.1	XP_017765285.1
OG0000000	XP_015436978.1	XP_017762447.1
OG0000000	XP_015437418.1	XP_017763965.1
OG0000001	XP_015431819.1	XP_017753392.1, XP_017753391.1
OG0000001	XP_015434764.1, XP_015434777.1, XP_015434775.1, XP_015434757.1, XP_015434758.1	XP_017757765.1, XP_017757760.1, XP_017757755.1, XP_017757759.1
OG0000001	XP_015434772.1, XP_015434773.1, XP_015434778.1	XP_017757757.1, XP_017757758.1
OG0000001	XP_015434774.1	XP_017757797.1, XP_017757798.1, XP_017757795.1, XP_017757796.1, XP_017757799.1
OG0000001	XP_015438122.1	XP_017757740.1, XP_017757764.1
OG0000001	XP_015437062.1	XP_017759613.1
OG0000001	XP_015431466.1	XP_017767083.1
OG0000001	XP_015436985.1, XP_015436987.1, XP_015436980.1, XP_015436981.1, XP_015436982.1	XP_017759625.1
OG0000002	XP_015431056.1, XP_015431069.1	XP_017759746.1
OG0000002	XP_015431184.1	XP_017759702.1, XP_017759703.1, XP_017759734.1
OG0000002	XP_015431151.1, XP_015431173.1	XP_017759707.1, XP_017759704.1, XP_017759700.1
OG0000002	XP_015431092.1	XP_017759714.1
OG0000002	XP_015431116.1, XP_015431127.1	XP_017759752.1, XP_017759759.1, XP_017759710.1, XP_017759755.1, XP_017759744.1, XP_017759709.1, XP_017759756.1
OG0000002	XP_015431105.1, XP_015431162.1	XP_017759713.1
OG0000003	XP_015429651.1, XP_015435727.1	XP_017759422.1
OG0000004	XP_015436031.1	XP_017762744.1, XP_017762860.1
OG0000004	XP_015437622.1, XP_015437540.1	XP_017765503.1
OG0000004	XP_015440316.1	XP_017759096.1
OG0000004	XP_015435694.1	XP_017757888.1, XP_017762896.1
OG0000004	XP_015431440.1	XP_017757887.1
OG0000004	XP_015437848.1	XP_017756490.1, XP_017765529.1, XP_017762446.1
OG0000004	XP_015435242.1	XP_017759643.1, XP_017765018.1, XP_017762993.1, XP_017765344.1, XP_017756226.1, XP_017759329.1
OG0000004	XP_015433735.1	XP_017765343.1
OG0000004	XP_015435722.1	XP_017765490.1, XP_017752726.1
OG0000004	XP_015437624.1	XP_017763966.1, XP_017763517.1, XP_017754218.1
OG0000005	XP_015429633.1	XP_017763088.1, XP_017763087.1
OG0000005	XP_015433678.1, XP_015437078.1, XP_015435707.1	XP_017760232.1, XP_017756229.1
OG0000005	XP_015433189.1	XP_017765412.1
OG0000005	XP_015429399.1, XP_015431920.1, XP_015431916.1, XP_015431917.1, XP_015431918.1, XP_015431919.1, XP_015431915.1, XP_015431457.1, XP_015439681.1, XP_015429211.1, XP_015429000.1	XP_017757739.1
OG0000005	XP_015437433.1	XP_017759155.1
OG0000006	XP_015432327.1	XP_017766722.1
OG0000006	XP_015432304.1	XP_017766521.1
OG0000008	XP_015431031.1	XP_017764283.1
OG0000008	XP_015431231.1, XP_015431027.1, XP_015431244.1, XP_015431029.1, XP_015431028.1	XP_017764386.1
OG0000008	XP_015435962.1	XP_017752288.1
OG0000008	XP_015431211.1	XP_017765710.1
OG0000008	XP_015431032.1	XP_017764163.1
OG0000008	XP_015431033.1	XP_017764510.1
OG0000008	XP_015431233.1	XP_017764053.1, XP_017763974.1
OG0000009	XP_015439019.1, XP_015438919.1, XP_015438920.1, XP_015438921.1	XP_017758639.1, XP_017758640.1
OG0000009	XP_015438918.1	XP_017758638.1, XP_017765620.1, XP_017758637.1
OG0000010	XP_015440399.1	XP_017762078.1
OG0000011	XP_015439317.1	XP_017766921.1, XP_017766927.1, XP_017766950.1
OG0000011	XP_015434578.1, XP_015434576.1	XP_017766951.1, XP_017766915.1, XP_017766916.1, XP_017766912.1, XP_017766917.1
OG0000011	XP_015434577.1, XP_015429492.1	XP_017766931.1
OG0000012	XP_015431215.1	XP_017754921.1
OG0000012	XP_015431007.1	XP_017754945.1
OG0000012	XP_015431006.1	XP_017754933.1
OG0000012	XP_015432417.1	XP_017765063.1
OG0000012	XP_015432474.1	XP_017765064.1
OG0000012	XP_015432475.1	XP_017765060.1
OG0000013	XP_015435345.1	XP_017764546.1
OG0000013	XP_015438102.1, XP_015435409.1, XP_015440404.1	XP_017754146.1
OG0000013	XP_015434157.1	XP_017760617.1
OG0000013	XP_015434156.1	XP_017760618.1, XP_017760616.1
OG0000014	XP_015435350.1	XP_017754143.1
OG0000016	XP_015440395.1	XP_017766957.1
OG0000017	XP_015436976.1	XP_017756243.1
OG0000017	XP_015436973.1, XP_015436975.1, XP_015436974.1	XP_017756241.1, XP_017756242.1
OG0000017	XP_015436971.1	XP_017756232.1
OG0000018	XP_015440533.1, XP_015440532.1	XP_017763433.1
OG0000018	XP_015431114.1	XP_017761708.1
OG0000018	XP_015437296.1	XP_017760876.1, XP_017760875.1
OG0000018	XP_015437285.1, XP_015437283.1	XP_017760874.1
OG0000018	XP_015433210.1	XP_017758049.1
OG0000019	XP_015436531.1	XP_017758970.1
OG0000019	XP_015430887.1	XP_017754922.1
OG0000019	XP_015431150.1	XP_017757913.1
OG0000020	XP_015431107.1	XP_017759430.1
OG0000020	XP_015433825.1	XP_017756685.1
OG0000020	XP_015439463.1	XP_017759431.1
OG0000020	XP_015431804.1	XP_017763358.1
OG0000020	XP_015435292.1	XP_017758008.1
OG0000020	XP_015440423.1	XP_017758540.1
OG0000020	XP_015433955.1	XP_017756344.1
OG0000020	XP_015431800.1	XP_017764646.1
OG0000020	XP_015437420.1	XP_017763402.1
OG0000021	XP_015436481.1	XP_017759339.1
OG0000021	XP_015436556.1	XP_017758713.1, XP_017758722.1, XP_017758731.1
OG0000021	XP_015430481.1	XP_017764524.1
OG0000021	XP_015428676.1	XP_017755079.1
OG0000021	XP_015436479.1	XP_017759315.1
OG0000022	XP_015430686.1	XP_017760075.1
OG0000022	XP_015435346.1	XP_017764538.1
OG0000023	XP_015438105.1	XP_017754148.1
OG0000023	XP_015435373.1, XP_015435410.1	XP_017764548.1
OG0000023	XP_015437943.1	XP_017765135.1
OG0000023	XP_015435402.1	XP_017754147.1
OG0000024	XP_015433449.1, XP_015433466.1, XP_015433467.1, XP_015433468.1, XP_015432613.1	XP_017760258.1, XP_017760233.1, XP_017760260.1
OG0000024	XP_015436496.1	XP_017753491.1
OG0000024	XP_015435623.1	XP_017753899.1
OG0000024	XP_015435622.1	XP_017753900.1
OG0000025	XP_015437446.1, XP_015433589.1, XP_015432548.1, XP_015429182.1	XP_017752725.1
OG0000026	XP_015439534.1	XP_017756869.1
OG0000026	XP_015434403.1	XP_017760223.1
OG0000026	XP_015436711.1	XP_017763291.1, XP_017763214.1
OG0000026	XP_015437222.1	XP_017753312.1
OG0000026	XP_015440357.1	XP_017767765.1
OG0000026	XP_015440372.1	XP_017752170.1
OG0000027	XP_015435411.1	XP_017764550.1, XP_017764549.1
OG0000027	XP_015440405.1	XP_017754149.1
OG0000028	XP_015430609.1	XP_017756507.1, XP_017756506.1
OG0000029	XP_015428726.1	XP_017755085.1
OG0000029	XP_015430246.1	XP_017764405.1, XP_017764404.1
OG0000029	XP_015428686.1	XP_017755092.1
OG0000030	XP_015435285.1, XP_015435289.1, XP_015435290.1, XP_015435288.1, XP_015435286.1	XP_017764870.1
OG0000030	XP_015434622.1	XP_017761417.1, XP_017761416.1
OG0000032	XP_015431638.1	XP_017755945.1
OG0000032	XP_015439764.1, XP_015439837.1, XP_015439765.1, XP_015439830.1	XP_017765759.1, XP_017765770.1
OG0000032	XP_015438580.1	XP_017762938.1
OG0000035	XP_015436890.1, XP_015436892.1	XP_017767482.1
OG0000035	XP_015436992.1	XP_017761425.1
OG0000036	XP_015435639.1	XP_017761198.1
OG0000038	XP_015436794.1	XP_017766133.1
OG0000038	XP_015430801.1	XP_017765835.1
OG0000038	XP_015433215.1	XP_017758046.1
OG0000038	XP_015437923.1	XP_017752947.1
OG0000038	XP_015439422.1	XP_017765235.1
OG0000040	XP_015428989.1	XP_017760692.1
OG0000040	XP_015429021.1	XP_017754464.1
OG0000040	XP_015439748.1	XP_017760639.1
OG0000041	XP_015433852.1	XP_017765153.1
OG0000041	XP_015434640.1	XP_017759621.1
OG0000041	XP_015438128.1	XP_017759618.1
OG0000041	XP_015434661.1	XP_017759619.1, XP_017759620.1
OG0000042	XP_015431768.1	XP_017757032.1
OG0000042	XP_015431650.1, XP_015431773.1, XP_015431779.1, XP_015431770.1	XP_017758606.1
OG0000043	XP_015429520.1	XP_017765446.1
OG0000043	XP_015440179.1	XP_017760486.1
OG0000043	XP_015440180.1	XP_017760488.1
OG0000043	XP_015438227.1	XP_017755191.1
OG0000044	XP_015435691.1	XP_017767304.1
OG0000045	XP_015429239.1	XP_017753918.1
OG0000045	XP_015432639.1	XP_017763731.1
OG0000045	XP_015439683.1	XP_017757512.1
OG0000046	XP_015433680.1	XP_017765106.1
OG0000046	XP_015435615.1	XP_017757713.1
OG0000046	XP_015435626.1	XP_017764994.1
OG0000048	XP_015436085.1	XP_017756821.1
OG0000048	XP_015436086.1	XP_017756820.1
OG0000048	XP_015436084.1	XP_017756817.1
OG0000048	XP_015436095.1	XP_017756824.1
OG0000050	XP_015435553.1	XP_017754840.1
OG0000050	XP_015434531.1, XP_015434396.1	XP_017754998.1
OG0000051	XP_015435191.1, XP_015440313.1	XP_017765501.1, XP_017765020.1
OG0000052	XP_015430581.1	XP_017753622.1
OG0000052	XP_015437086.1	XP_017753621.1
OG0000053	XP_015429676.1	XP_017757950.1, XP_017767290.1
OG0000053	XP_015435718.1	XP_017760652.1
OG0000054	XP_015438760.1	XP_017761989.1
OG0000054	XP_015438771.1	XP_017761973.1
OG0000054	XP_015438765.1	XP_017761971.1
OG0000055	XP_015437264.1	XP_017756618.1, XP_017756620.1
OG0000055	XP_015436857.1	XP_017753007.1
OG0000055	XP_015431672.1	XP_017754560.1
OG0000055	XP_015428835.1	XP_017759282.1
OG0000056	XP_015437145.1	XP_017763577.1
OG0000056	XP_015440426.1	XP_017761920.1
OG0000056	XP_015428673.1	XP_017759468.1
OG0000056	XP_015437336.1	XP_017758914.1
OG0000056	XP_015437708.1	XP_017762251.1
OG0000057	XP_015430802.1	XP_017757145.1
OG0000057	XP_015434046.1	XP_017767144.1
OG0000057	XP_015430702.1, XP_015430703.1	XP_017757144.1
OG0000057	XP_015430706.1, XP_015430705.1	XP_017757146.1
OG0000058	XP_015439488.1	XP_017758945.1
OG0000058	XP_015439489.1	XP_017758952.1, XP_017765356.1, XP_017765413.1, XP_017759157.1, XP_017760962.1, XP_017760963.1, XP_017760967.1, XP_017760966.1, XP_017753024.1, XP_017760964.1
OG0000060	XP_015438716.1	XP_017755704.1
OG0000060	XP_015432264.1, XP_015432266.1, XP_015432267.1	XP_017757183.1, XP_017756939.1, XP_017764156.1, XP_017757105.1, XP_017764190.1, XP_017764182.1, XP_017764164.1, XP_017757028.1, XP_017764173.1, XP_017757262.1
OG0000061	XP_015432844.1	XP_017754233.1
OG0000061	XP_015431091.1	XP_017757875.1
OG0000062	XP_015432477.1	XP_017759727.1
OG0000062	XP_015431874.1	XP_017762224.1
OG0000062	XP_015431820.1	XP_017762229.1
OG0000062	XP_015431815.1	XP_017762225.1
OG0000062	XP_015431817.1	XP_017762231.1
OG0000065	XP_015431269.1	XP_017764117.1
OG0000065	XP_015431271.1	XP_017764126.1
OG0000065	XP_015431347.1	XP_017764130.1
OG0000067	XP_015429287.1	XP_017760301.1
OG0000067	XP_015435217.1	XP_017757819.1
OG0000067	XP_015435565.1	XP_017754867.1
OG0000067	XP_015435216.1	XP_017757818.1
OG0000067	XP_015439239.1	XP_017760549.1
OG0000069	XP_015435554.1	XP_017754841.1
OG0000069	XP_015435557.1	XP_017754843.1
OG0000070	XP_015436059.1	XP_017764056.1
OG0000070	XP_015436060.1	XP_017758779.1
OG0000070	XP_015436275.1	XP_017764085.1
OG0000073	XP_015435659.1	XP_017761873.1, XP_017761872.1, XP_017761874.1
OG0000074	XP_015432069.1	XP_017761968.1, XP_017758620.1
OG0000074	XP_015438453.1	XP_017765289.1
OG0000076	XP_015437419.1	XP_017755225.1
OG0000077	XP_015436389.1	XP_017764095.1
OG0000077	XP_015435143.1	XP_017755927.1
OG0000078	XP_015440204.1	XP_017756551.1
OG0000079	XP_015431759.1	XP_017754553.1
OG0000079	XP_015431761.1	XP_017754566.1
OG0000079	XP_015431760.1	XP_017754550.1
OG0000080	XP_015432762.1	XP_017763299.1
OG0000080	XP_015430277.1	XP_017763330.1, XP_017763331.1
OG0000080	XP_015432781.1	XP_017763303.1
OG0000081	XP_015437927.1	XP_017758034.1
OG0000082	XP_015434043.1	XP_017760548.1
OG0000082	XP_015434042.1	XP_017760559.1
OG0000082	XP_015434075.1	XP_017760564.1
OG0000084	XP_015429440.1	XP_017759810.1
OG0000084	XP_015429441.1	XP_017759811.1
OG0000084	XP_015429460.1	XP_017759821.1
OG0000085	XP_015439820.1	XP_017757451.1
OG0000085	XP_015433752.1	XP_017759168.1, XP_017759169.1
OG0000086	XP_015439351.1	XP_017752779.1, XP_017752829.1, XP_017752828.1
OG0000086	XP_015439307.1	XP_017758047.1
OG0000087	XP_015433161.1	XP_017764961.1
OG0000087	XP_015433219.1, XP_015433217.1, XP_015433218.1	XP_017764986.1
OG0000087	XP_015433159.1	XP_017764988.1, XP_017764987.1
OG0000088	XP_015430594.1	XP_017758470.1
OG0000089	XP_015429642.1, XP_015429641.1, XP_015429643.1, XP_015429644.1	XP_017760295.1, XP_017760292.1, XP_017760296.1, XP_017760294.1, XP_017760299.1, XP_017760298.1, XP_017760293.1
OG0000089	XP_015438011.1	XP_017760239.1
OG0000091	XP_015428722.1, XP_015428720.1, XP_015428718.1	XP_017755131.1
OG0000092	XP_015433035.1	XP_017761157.1
OG0000092	XP_015431194.1	XP_017758288.1, XP_017758287.1
OG0000092	XP_015432408.1	XP_017766724.1, XP_017766723.1
OG0000094	XP_015432992.1	XP_017754032.1
OG0000094	XP_015432272.1	XP_017763745.1
OG0000094	XP_015430372.1	XP_017764407.1
OG0000095	XP_015436624.1, XP_015436625.1	XP_017758948.1
OG0000096	XP_015438977.1	XP_017759853.1
OG0000096	XP_015439740.1	XP_017753661.1
OG0000097	XP_015428851.1, XP_015428850.1, XP_015428848.1	XP_017759272.1, XP_017759271.1
OG0000097	XP_015439293.1, XP_015439294.1	XP_017755959.1, XP_017755960.1
OG0000098	XP_015431421.1, XP_015431420.1, XP_015431419.1, XP_015431416.1, XP_015431417.1	XP_017760521.1, XP_017760519.1, XP_017760520.1, XP_017760517.1, XP_017760518.1, XP_017760523.1, XP_017760524.1, XP_017760522.1
OG0000099	XP_015434840.1	XP_017762062.1, XP_017762063.1
OG0000099	XP_015437951.1	XP_017765789.1
OG0000099	XP_015439443.1	XP_017763025.1
OG0000100	XP_015432704.1, XP_015432705.1	XP_017762097.1
OG0000101	XP_015429187.1	XP_017762608.1
OG0000101	XP_015437434.1, XP_015434419.1	XP_017752973.1, XP_017752972.1, XP_017762351.1
OG0000102	XP_015437466.1	XP_017755997.1
OG0000102	XP_015437463.1	XP_017756024.1, XP_017756022.1, XP_017756023.1, XP_017756026.1
OG0000103	XP_015431403.1	XP_017761262.1
OG0000103	XP_015431354.1	XP_017759973.1
OG0000103	XP_015431408.1	XP_017759705.1
OG0000106	XP_015430089.1	XP_017759614.1
OG0000107	XP_015440456.1	XP_017763391.1
OG0000108	XP_015431062.1	XP_017755056.1, XP_017755065.1
OG0000109	XP_015429717.1	XP_017765546.1, XP_017765544.1, XP_017765545.1, XP_017765540.1, XP_017765542.1, XP_017765541.1, XP_017765543.1
OG0000110	XP_015438727.1	XP_017752642.1
OG0000110	XP_015438930.1	XP_017763176.1
OG0000111	XP_015434178.1	XP_017759645.1
OG0000111	XP_015430891.1	XP_017756246.1
OG0000112	XP_015437727.1	XP_017760945.1, XP_017760944.1
OG0000112	XP_015439824.1	XP_017752746.1, XP_017752755.1, XP_017752737.1, XP_017752760.1, XP_017752729.1
OG0000113	XP_015431174.1	XP_017754450.1
OG0000113	XP_015436887.1, XP_015436888.1	XP_017766321.1
OG0000114	XP_015439901.1	XP_017755231.1
OG0000115	XP_015439194.1	XP_017765840.1, XP_017765841.1, XP_017765838.1
OG0000116	XP_015436046.1	XP_017756858.1
OG0000116	XP_015436326.1	XP_017756906.1
OG0000117	XP_015435315.1	XP_017754328.1
OG0000117	XP_015436200.1	XP_017755804.1
OG0000119	XP_015436224.1, XP_015436228.1, XP_015436225.1	XP_017756878.1, XP_017756873.1
OG0000120	XP_015437451.1, XP_015437450.1, XP_015437448.1	XP_017760327.1, XP_017760326.1, XP_017760325.1
OG0000122	XP_015433447.1	XP_017760255.1
OG0000122	XP_015431888.1	XP_017766449.1
OG0000122	XP_015431901.1	XP_017761215.1
OG0000122	XP_015431893.1	XP_017765619.1
OG0000123	XP_015435654.1, XP_015435655.1	XP_017760450.1, XP_017760451.1, XP_017760448.1, XP_017760449.1, XP_017760452.1
OG0000124	XP_015437181.1	XP_017759439.1, XP_017759448.1
OG0000125	XP_015440379.1, XP_015440359.1	XP_017752157.1, XP_017752160.1, XP_017752159.1, XP_017752162.1, XP_017752161.1, XP_017752163.1, XP_017767778.1
OG0000125	XP_015440376.1, XP_015440360.1	XP_017767758.1
OG0000126	XP_015428496.1	XP_017753608.1, XP_017753607.1, XP_017753606.1, XP_017753605.1, XP_017753604.1
OG0000127	XP_015432901.1, XP_015432902.1, XP_015432903.1	XP_017754012.1, XP_017754013.1
OG0000129	XP_015436027.1	XP_017753388.1
OG0000130	XP_015429434.1	XP_017754767.1
OG0000130	XP_015429842.1	XP_017759668.1
OG0000131	XP_015436559.1	XP_017758818.1
OG0000131	XP_015436693.1, XP_015436700.1, XP_015436679.1, XP_015436686.1	XP_017761464.1, XP_017761457.1, XP_017761449.1
OG0000132	XP_015437606.1	XP_017760124.1
OG0000132	XP_015431599.1	XP_017756059.1
OG0000133	XP_015434318.1	XP_017755394.1
OG0000134	XP_015429489.1	XP_017755456.1
OG0000135	XP_015439063.1	XP_017761243.1
OG0000135	XP_015435320.1, XP_015435321.1	XP_017754219.1
OG0000135	XP_015431583.1	XP_017756053.1, XP_017756054.1
OG0000136	XP_015437319.1	XP_017753466.1
OG0000136	XP_015436484.1	XP_017753465.1, XP_017753464.1, XP_017753463.1
OG0000136	XP_015438169.1	XP_017753462.1, XP_017753460.1
OG0000137	XP_015432001.1	XP_017761738.1
OG0000137	XP_015433288.1	XP_017758968.1
OG0000138	XP_015429248.1	XP_017753919.1
OG0000138	XP_015429192.1	XP_017753916.1
OG0000139	XP_015435212.1	XP_017764606.1
OG0000140	XP_015439249.1	XP_017761604.1
OG0000140	XP_015439128.1	XP_017761532.1
OG0000141	XP_015435225.1	XP_017757816.1
OG0000141	XP_015431506.1	XP_017766373.1
OG0000141	XP_015435072.1	XP_017756234.1
OG0000142	XP_015433594.1	XP_017752989.1, XP_017752988.1
OG0000143	XP_015429124.1	XP_017757050.1
OG0000143	XP_015429114.1	XP_017765696.1, XP_017765697.1, XP_017765698.1
OG0000144	XP_015428670.1	XP_017759465.1
OG0000144	XP_015428727.1	XP_017759475.1
OG0000145	XP_015436844.1	XP_017753508.1, XP_017753509.1
OG0000145	XP_015431112.1	XP_017752454.1
OG0000146	XP_015432760.1	XP_017762149.1
OG0000146	XP_015436388.1	XP_017755057.1, XP_017755054.1, XP_017755055.1
OG0000146	XP_015435877.1	XP_017757313.1
OG0000147	XP_015435294.1, XP_015435295.1	XP_017764859.1
OG0000147	XP_015439801.1	XP_017755245.1
OG0000149	XP_015435823.1	XP_017752370.1
OG0000149	XP_015435834.1	XP_017752374.1, XP_017752372.1, XP_017752371.1
OG0000150	XP_015432205.1	XP_017761423.1
OG0000151	XP_015429673.1, XP_015429674.1, XP_015429675.1	XP_017754495.1, XP_017754494.1
OG0000152	XP_015433494.1	XP_017752525.1, XP_017752524.1, XP_017752522.1, XP_017752523.1, XP_017752519.1, XP_017752521.1
OG0000153	XP_015439140.1	XP_017752578.1, XP_017752577.1
OG0000154	XP_015436141.1	XP_017755034.1, XP_017755068.1
OG0000156	XP_015429868.1	XP_017764881.1
OG0000157	XP_015433606.1	XP_017766530.1
OG0000157	XP_015433605.1	XP_017766794.1
OG0000158	XP_015440019.1, XP_015440020.1	XP_017757401.1, XP_017757402.1
OG0000160	XP_015437280.1	XP_017762321.1
OG0000160	XP_015436859.1, XP_015436868.1	XP_017760990.1, XP_017760976.1, XP_017760983.1, XP_017760969.1
OG0000161	XP_015432556.1	XP_017765612.1, XP_017766182.1, XP_017766192.1, XP_017753075.1
OG0000162	XP_015435684.1	XP_017760661.1
OG0000162	XP_015439554.1	XP_017758852.1
OG0000164	XP_015437865.1	XP_017752452.1
OG0000164	XP_015437659.1	XP_017752453.1
OG0000164	XP_015437774.1	XP_017752455.1
OG0000165	XP_015429586.1	XP_017763109.1, XP_017763110.1, XP_017763108.1
OG0000165	XP_015435493.1	XP_017754783.1
OG0000168	XP_015435199.1	XP_017755371.1
OG0000168	XP_015431023.1	XP_017765729.1
OG0000168	XP_015436891.1	XP_017767433.1
OG0000169	XP_015431017.1	XP_017754848.1, XP_017754959.1, XP_017754988.1, XP_017761127.1, XP_017755084.1, XP_017754974.1
OG0000170	XP_015439591.1	XP_017767455.1
OG0000171	XP_015434404.1	XP_017763743.1
OG0000171	XP_015434466.1	XP_017763746.1
OG0000172	XP_015432146.1	XP_017756212.1, XP_017756209.1, XP_017756208.1, XP_017756205.1, XP_017756207.1, XP_017756206.1, XP_017756210.1, XP_017756211.1
OG0000173	XP_015434867.1, XP_015434866.1, XP_015434871.1, XP_015434870.1, XP_015434869.1, XP_015434868.1	XP_017753788.1, XP_017753789.1
OG0000174	XP_015438965.1	XP_017759915.1, XP_017759914.1, XP_017759916.1, XP_017765580.1
OG0000175	XP_015437422.1, XP_015437423.1	XP_017757084.1, XP_017757081.1, XP_017757082.1, XP_017757083.1
OG0000176	XP_015428971.1	XP_017757060.1
OG0000177	XP_015435549.1	XP_017754838.1
OG0000177	XP_015435485.1	XP_017754830.1
OG0000177	XP_015435546.1	XP_017754833.1
OG0000178	XP_015438494.1	XP_017764768.1
OG0000179	XP_015436506.1	XP_017762472.1
OG0000179	XP_015434426.1	XP_017762477.1, XP_017762476.1
OG0000180	XP_015430454.1, XP_015430456.1, XP_015430455.1, XP_015430457.1	XP_017764209.1, XP_017764210.1, XP_017764208.1
OG0000181	XP_015440531.1	XP_017763403.1, XP_017763404.1
OG0000182	XP_015436232.1	XP_017761809.1, XP_017761808.1
OG0000183	XP_015431052.1	XP_017755734.1
OG0000183	XP_015435715.1	XP_017758250.1
OG0000184	XP_015432847.1	XP_017766044.1
OG0000185	XP_015434150.1	XP_017760614.1
OG0000185	XP_015434133.1	XP_017760602.1
OG0000185	XP_015434039.1	XP_017760610.1
OG0000186	XP_015434985.1, XP_015434960.1, XP_015434988.1, XP_015434990.1	XP_017765694.1, XP_017765695.1
OG0000187	XP_015436316.1	XP_017755788.1, XP_017755787.1
OG0000188	XP_015428433.1	XP_017762123.1
OG0000188	XP_015431252.1	XP_017763805.1
OG0000188	XP_015431689.1	XP_017761111.1
OG0000189	XP_015429531.1	XP_017753298.1, XP_017753288.1
OG0000189	XP_015429543.1	XP_017753248.1
OG0000189	XP_015429076.1	XP_017753499.1
OG0000190	XP_015440287.1, XP_015440288.1, XP_015440289.1	XP_017757675.1, XP_017757673.1, XP_017757674.1
OG0000191	XP_015434794.1	XP_017753882.1
OG0000192	XP_015433091.1	XP_017760341.1, XP_017758954.1, XP_017758953.1
OG0000194	XP_015439485.1	XP_017756837.1
OG0000194	XP_015439482.1	XP_017756836.1
OG0000194	XP_015439487.1	XP_017756838.1
OG0000196	XP_015432167.1	XP_017756213.1
OG0000196	XP_015437821.1	XP_017757746.1, XP_017757744.1, XP_017757745.1
OG0000197	XP_015439072.1, XP_015439073.1	XP_017753812.1
OG0000197	XP_015439149.1	XP_017753801.1, XP_017753795.1
OG0000199	XP_015435599.1	XP_017764995.1
OG0000200	XP_015435653.1	XP_017759260.1
OG0000200	XP_015438807.1	XP_017760688.1
OG0000200	XP_015438810.1	XP_017760689.1
OG0000201	XP_015438380.1	XP_017757589.1
OG0000201	XP_015438436.1	XP_017757600.1
OG0000202	XP_015434898.1	XP_017755518.1
OG0000202	XP_015433874.1	XP_017765124.1
OG0000203	XP_015429928.1	XP_017753354.1
OG0000204	XP_015428607.1	XP_017766805.1
OG0000205	XP_015435790.1	XP_017752413.1, XP_017752414.1
OG0000206	XP_015432679.1	XP_017762170.1
OG0000206	XP_015432778.1, XP_015432779.1	XP_017762186.1, XP_017762192.1, XP_017762190.1, XP_017762189.1, XP_017762187.1, XP_017762188.1
OG0000207	XP_015437049.1	XP_017760687.1
OG0000207	XP_015434683.1	XP_017756106.1
OG0000207	XP_015434682.1	XP_017756102.1
OG0000208	XP_015434613.1	XP_017756194.1
OG0000208	XP_015429087.1, XP_015428990.1	XP_017760651.1
OG0000208	XP_015428530.1, XP_015428529.1	XP_017765005.1
OG0000209	XP_015436163.1	XP_017756958.1, XP_017756959.1, XP_017756956.1, XP_017756957.1, XP_017756954.1, XP_017756955.1, XP_017756953.1, XP_017756961.1
OG0000210	XP_015440351.1	XP_017766080.1
OG0000210	XP_015428957.1	XP_017767327.1
OG0000210	XP_015439732.1	XP_017766960.1
OG0000212	XP_015431045.1	XP_017759725.1
OG0000212	XP_015430965.1, XP_015430966.1	XP_017760333.1, XP_017760334.1
OG0000213	XP_015428729.1	XP_017755129.1, XP_017755127.1, XP_017755128.1
OG0000214	XP_015435958.1	XP_017752245.1
OG0000214	XP_015428442.1	XP_017752185.1
OG0000215	XP_015432430.1, XP_015432437.1	XP_017765029.1
OG0000216	XP_015431904.1	XP_017761217.1
OG0000217	XP_015437152.1	XP_017766098.1
OG0000218	XP_015434934.1, XP_015434933.1	XP_017762070.1
OG0000219	XP_015434863.1, XP_015434855.1	XP_017755416.1, XP_017755417.1, XP_017755418.1, XP_017755419.1
OG0000220	XP_015435676.1, XP_015435677.1	XP_017767298.1, XP_017767297.1
OG0000223	XP_015433759.1	XP_017759246.1
OG0000223	XP_015437890.1	XP_017762663.1
OG0000224	XP_015431603.1, XP_015431605.1	XP_017765938.1
OG0000225	XP_015430669.1, XP_015430668.1, XP_015430670.1	XP_017757175.1, XP_017757174.1, XP_017757173.1
OG0000225	XP_015430654.1	XP_017766315.1
OG0000226	XP_015432295.1	XP_017766524.1
OG0000226	XP_015432297.1	XP_017766628.1, XP_017766627.1
OG0000227	XP_015438705.1	XP_017753440.1, XP_017753439.1
OG0000228	XP_015440284.1	XP_017752721.1
OG0000229	XP_015437954.1	XP_017752613.1
OG0000230	XP_015435543.1	XP_017761904.1
OG0000230	XP_015428614.1, XP_015428616.1, XP_015428615.1	XP_017766664.1, XP_017766665.1, XP_017766666.1
OG0000231	XP_015438519.1	XP_017757286.1
OG0000232	XP_015439264.1	XP_017760637.1, XP_017760638.1
OG0000233	XP_015435413.1, XP_015435414.1	XP_017764854.1, XP_017764853.1, XP_017764855.1
OG0000234	XP_015436761.1	XP_017761679.1
OG0000235	XP_015433084.1	XP_017760227.1
OG0000236	XP_015433151.1	XP_017758058.1
OG0000236	XP_015433153.1	XP_017758056.1
OG0000237	XP_015438767.1	XP_017755467.1
OG0000237	XP_015438769.1	XP_017755463.1
OG0000239	XP_015432329.1	XP_017766799.1
OG0000240	XP_015434475.1	XP_017763750.1
OG0000241	XP_015435537.1, XP_015436630.1	XP_017758632.1
OG0000243	XP_015436725.1	XP_017763095.1, XP_017766909.1
OG0000244	XP_015439085.1	XP_017759937.1
OG0000245	XP_015437253.1, XP_015435215.1	XP_017761178.1, XP_017755476.1
OG0000246	XP_015438662.1	XP_017766874.1
OG0000246	XP_015438684.1	XP_017766882.1
OG0000248	XP_015437282.1	XP_017762295.1
OG0000249	XP_015431145.1	XP_017759215.1, XP_017759214.1, XP_017759216.1
OG0000249	XP_015431096.1	XP_017759219.1
OG0000249	XP_015431100.1	XP_017759218.1, XP_017759217.1
OG0000250	XP_015428900.1	XP_017767365.1
OG0000251	XP_015432104.1	XP_017756494.1
OG0000252	XP_015430094.1, XP_015430087.1, XP_015430103.1	XP_017759065.1, XP_017759064.1
OG0000253	XP_015433105.1	XP_017758167.1
OG0000253	XP_015430007.1	XP_017756999.1
OG0000254	XP_015435101.1	XP_017755940.1
OG0000254	XP_015440243.1	XP_017757429.1
OG0000255	XP_015440437.1	XP_017763388.1
OG0000255	XP_015436124.1	XP_017758781.1
OG0000256	XP_015435282.1, XP_015435281.1	XP_017763260.1
OG0000257	XP_015439223.1	XP_017762885.1
OG0000258	XP_015434872.1	XP_017753799.1
OG0000260	XP_015438781.1, XP_015430767.1	XP_017761868.1
OG0000261	XP_015431688.1	XP_017758628.1, XP_017758626.1, XP_017758627.1
OG0000263	XP_015438831.1, XP_015438832.1, XP_015438830.1	XP_017760362.1, XP_017760363.1, XP_017760364.1
OG0000264	XP_015438044.1	XP_017763058.1
OG0000264	XP_015429295.1, XP_015429294.1	XP_017760279.1
OG0000265	XP_015429094.1	XP_017758651.1
OG0000266	XP_015433228.1	XP_017752229.1
OG0000266	XP_015431896.1	XP_017753963.1
OG0000268	XP_015439427.1	XP_017764685.1
OG0000269	XP_015440166.1	XP_017761057.1, XP_017759815.1
OG0000270	XP_015429298.1	XP_017761333.1
OG0000270	XP_015429562.1	XP_017763346.1
OG0000271	XP_015431651.1	XP_017757031.1
OG0000271	XP_015429507.1	XP_017763546.1
OG0000272	XP_015430061.1	XP_017761053.1
OG0000272	XP_015438983.1	XP_017767088.1
OG0000273	XP_015436896.1	XP_017759692.1
OG0000273	XP_015436881.1	XP_017767195.1
OG0000274	XP_015439714.1	XP_017761345.1
OG0000274	XP_015433358.1	XP_017757446.1
OG0000276	XP_015432586.1	XP_017766286.1
OG0000277	XP_015430231.1	XP_017761525.1, XP_017761523.1, XP_017761524.1
OG0000278	XP_015431164.1	XP_017763984.1
OG0000279	XP_015432369.1	XP_017766856.1
OG0000281	XP_015432612.1	XP_017766298.1
OG0000281	XP_015439997.1	XP_017761387.1, XP_017761388.1
OG0000281	XP_015439712.1	XP_017761389.1
OG0000282	XP_015435177.1, XP_015429409.1, XP_015438099.1, XP_015437539.1, XP_015438111.1	XP_017764157.1
OG0000283	XP_015440094.1	XP_017758719.1
OG0000284	XP_015429852.1	XP_017759685.1
OG0000284	XP_015439650.1	XP_017757405.1
OG0000284	XP_015438214.1	XP_017762765.1
OG0000285	XP_015436921.1	XP_017766324.1
OG0000286	XP_015436588.1, XP_015436589.1	XP_017765196.1, XP_017765195.1, XP_017765197.1, XP_017765198.1
OG0000287	XP_015438255.1	XP_017764927.1, XP_017764926.1
OG0000287	XP_015438180.1	XP_017764925.1
OG0000288	XP_015435796.1	XP_017767044.1
OG0000288	XP_015439791.1	XP_017761352.1
OG0000289	XP_015432866.1, XP_015432868.1, XP_015432869.1, XP_015432870.1, XP_015432867.1	XP_017765987.1, XP_017765989.1
OG0000290	XP_015429200.1	XP_017763460.1
OG0000291	XP_015433145.1	XP_017752827.1
OG0000291	XP_015433144.1	XP_017752808.1
OG0000293	XP_015434629.1	XP_017758690.1, XP_017758689.1
OG0000294	XP_015428977.1	XP_017765685.1
OG0000295	XP_015433330.1, XP_015433328.1, XP_015433329.1	XP_017755677.1, XP_017755678.1, XP_017755679.1
OG0000296	XP_015434298.1	XP_017766587.1, XP_017766604.1, XP_017766595.1
OG0000297	XP_015429556.1	XP_017763070.1
OG0000298	XP_015433364.1	XP_017757484.1, XP_017757482.1, XP_017757483.1
OG0000299	XP_015435404.1	XP_017755445.1, XP_017755442.1, XP_017755443.1, XP_017755448.1, XP_017755446.1, XP_017755441.1, XP_017755444.1
OG0000300	XP_015436168.1	XP_017755193.1
OG0000300	XP_015437092.1, XP_015437090.1, XP_015437089.1	XP_017759087.1
OG0000301	XP_015428488.1	XP_017763305.1
OG0000301	XP_015434699.1	XP_017755344.1
OG0000302	XP_015433893.1	XP_017756514.1
OG0000302	XP_015438406.1	XP_017765394.1
OG0000303	XP_015430384.1	XP_017764406.1
OG0000303	XP_015435487.1	XP_017754771.1
OG0000303	XP_015435547.1	XP_017754823.1
OG0000304	XP_015430485.1	XP_017761260.1, XP_017761259.1
OG0000305	XP_015432811.1	XP_017765349.1
OG0000306	XP_015439652.1	XP_017757434.1
OG0000307	XP_015428477.1	XP_017759960.1, XP_017759969.1
OG0000308	XP_015438475.1	XP_017758002.1
OG0000309	XP_015430291.1	XP_017763310.1, XP_017763311.1, XP_017763312.1, XP_017763314.1, XP_017763313.1
OG0000310	XP_015435023.1	XP_017756405.1
OG0000311	XP_015428715.1	XP_017755083.1
OG0000312	XP_015431093.1	XP_017756660.1
OG0000313	XP_015433511.1	XP_017754942.1
OG0000314	XP_015430168.1	XP_017758035.1
OG0000314	XP_015430171.1	XP_017758038.1
OG0000315	XP_015429602.1, XP_015429443.1	XP_017764336.1
OG0000316	XP_015438634.1	XP_017766083.1
OG0000316	XP_015431212.1	XP_017757874.1
OG0000317	XP_015438869.1	XP_017761493.1
OG0000318	XP_015432674.1	XP_017762165.1, XP_017762164.1
OG0000319	XP_015437316.1	XP_017760713.1, XP_017760712.1
OG0000320	XP_015434182.1	XP_017759304.1
OG0000321	XP_015438194.1	XP_017755188.1
OG0000322	XP_015438004.1	XP_017753136.1
OG0000323	XP_015436562.1	XP_017763945.1
OG0000324	XP_015440416.1	XP_017756740.1, XP_017756722.1
OG0000324	XP_015440322.1	XP_017767619.1
OG0000325	XP_015433942.1	XP_017765155.1, XP_017765156.1
OG0000327	XP_015436511.1	XP_017762798.1, XP_017762808.1
OG0000327	XP_015436510.1	XP_017763918.1, XP_017763923.1
OG0000330	XP_015434719.1	XP_017762511.1
OG0000330	XP_015431229.1, XP_015431230.1	XP_017758286.1
OG0000332	XP_015431199.1, XP_015431198.1	XP_017756662.1, XP_017756661.1, XP_017756664.1, XP_017756663.1
OG0000333	XP_015439205.1	XP_017765836.1
OG0000333	XP_015431766.1	XP_017757044.1, XP_017757045.1
OG0000334	XP_015431428.1	XP_017766255.1
OG0000335	XP_015428456.1	XP_017753603.1
OG0000336	XP_015428756.1, XP_015428757.1	XP_017759573.1, XP_017759574.1
OG0000336	XP_015434373.1	XP_017752435.1
OG0000337	XP_015437277.1	XP_017762307.1, XP_017762308.1
OG0000338	XP_015432576.1	XP_017766197.1
OG0000338	XP_015439789.1	XP_017755254.1
OG0000339	XP_015439872.1	XP_017757611.1
OG0000339	XP_015428725.1	XP_017759579.1
OG0000340	XP_015435055.1	XP_017755326.1
OG0000340	XP_015438911.1	XP_017753847.1
OG0000341	XP_015436438.1, XP_015436439.1, XP_015436440.1, XP_015436441.1	XP_017755798.1
OG0000342	XP_015437294.1	XP_017760957.1
OG0000342	XP_015438850.1	XP_017760896.1
OG0000343	XP_015429049.1	XP_017758657.1
OG0000344	XP_015436838.1	XP_017753496.1
OG0000345	XP_015431497.1, XP_015431498.1	XP_017757359.1
OG0000347	XP_015434738.1	XP_017760444.1
OG0000348	XP_015430085.1	XP_017764301.1, XP_017764298.1, XP_017764303.1, XP_017764300.1, XP_017764299.1, XP_017764302.1
OG0000349	XP_015430394.1	XP_017752184.1
OG0000350	XP_015435505.1, XP_015435506.1	XP_017754876.1
OG0000351	XP_015434218.1, XP_015434268.1	XP_017755390.1
OG0000352	XP_015431829.1	XP_017766410.1, XP_017766415.1, XP_017766414.1, XP_017766413.1, XP_017766412.1, XP_017766409.1
OG0000354	XP_015431806.1	XP_017753319.1
OG0000356	XP_015436405.1	XP_017765649.1
OG0000356	XP_015436403.1, XP_015436404.1	XP_017765651.1
OG0000357	XP_015434164.1, XP_015434163.1	XP_017759380.1, XP_017759381.1, XP_017759382.1, XP_017759385.1
OG0000358	XP_015429959.1, XP_015429961.1	XP_017759671.1
OG0000360	XP_015439359.1	XP_017762004.1, XP_017762005.1
OG0000361	XP_015432508.1	XP_017753785.1, XP_017753784.1, XP_017753781.1, XP_017753782.1, XP_017753780.1
OG0000362	XP_015430004.1	XP_017755150.1
OG0000362	XP_015430005.1, XP_015430006.1	XP_017755152.1
OG0000363	XP_015433747.1	XP_017759415.1
OG0000364	XP_015439810.1	XP_017758712.1
OG0000365	XP_015436626.1	XP_017759636.1
OG0000367	XP_015431427.1, XP_015431426.1, XP_015431425.1	XP_017766253.1, XP_017766254.1
OG0000368	XP_015434717.1	XP_017755345.1
OG0000368	XP_015434755.1, XP_015434748.1	XP_017759263.1
OG0000369	XP_015439388.1	XP_017753797.1
OG0000369	XP_015436596.1	XP_017753492.1
OG0000370	XP_015431054.1	XP_017759441.1
OG0000371	XP_015434902.1	XP_017762074.1, XP_017762077.1, XP_017762076.1
OG0000372	XP_015428534.1	XP_017764250.1
OG0000372	XP_015434144.1	XP_017763837.1
OG0000375	XP_015438184.1	XP_017761268.1
OG0000376	XP_015438463.1	XP_017758537.1, XP_017758538.1, XP_017758535.1, XP_017758536.1, XP_017758534.1
OG0000377	XP_015429723.1	XP_017761272.1
OG0000378	XP_015436731.1	XP_017752470.1, XP_017765630.1
OG0000378	XP_015436710.1	XP_017759126.1
OG0000379	XP_015432620.1	XP_017762918.1
OG0000380	XP_015430841.1, XP_015430849.1	XP_017765450.1, XP_017765451.1
OG0000381	XP_015436144.1	XP_017755846.1
OG0000381	XP_015435054.1	XP_017756302.1
OG0000382	XP_015438431.1	XP_017764706.1
OG0000382	XP_015430799.1	XP_017756297.1
OG0000383	XP_015438151.1, XP_015439947.1, XP_015435224.1	XP_017752213.1, XP_017754355.1, XP_017765614.1, XP_017757733.1, XP_017757743.1, XP_017765599.1
OG0000384	XP_015429068.1, XP_015429067.1, XP_015429069.1	XP_017762986.1
OG0000384	XP_015429058.1	XP_017762983.1
OG0000386	XP_015434825.1	XP_017760506.1
OG0000386	XP_015434823.1	XP_017760505.1
OG0000387	XP_015436567.1	XP_017765562.1
OG0000388	XP_015437504.1	XP_017756252.1
OG0000388	XP_015437405.1	XP_017762309.1
OG0000389	XP_015435398.1	XP_017754144.1, XP_017754145.1
OG0000389	XP_015429308.1	XP_017765438.1
OG0000390	XP_015433732.1	XP_017765126.1
OG0000391	XP_015431880.1	XP_017756312.1, XP_017756313.1, XP_017756314.1
OG0000394	XP_015429618.1	XP_017763543.1, XP_017763544.1, XP_017763542.1
OG0000395	XP_015436053.1	XP_017755145.1
OG0000395	XP_015435778.1	XP_017757261.1
OG0000396	XP_015433533.1	XP_017754976.1
OG0000397	XP_015433099.1, XP_015433098.1, XP_015433097.1	XP_017764495.1
OG0000398	XP_015438441.1, XP_015438442.1, XP_015438443.1	XP_017757742.1
OG0000399	XP_015430976.1	XP_017754964.1, XP_017754956.1, XP_017754963.1, XP_017754969.1, XP_017754971.1
OG0000400	XP_015432526.1, XP_015432594.1	XP_017763814.1, XP_017763819.1
OG0000401	XP_015440081.1	XP_017757598.1, XP_017757597.1, XP_017757596.1
OG0000402	XP_015428527.1	XP_017752210.1
OG0000403	XP_015432862.1	XP_017766039.1, XP_017766040.1
OG0000405	XP_015428940.1	XP_017767431.1
OG0000405	XP_015438542.1	XP_017762934.1
OG0000406	XP_015438700.1	XP_017760186.1
OG0000407	XP_015435692.1	XP_017760467.1
OG0000407	XP_015435719.1	XP_017760466.1
OG0000408	XP_015437857.1	XP_017758201.1
OG0000408	XP_015433869.1	XP_017765146.1
OG0000409	XP_015440215.1	XP_017758237.1, XP_017758236.1, XP_017758234.1
OG0000410	XP_015440327.1	XP_017767597.1
OG0000410	XP_015437545.1	XP_017763643.1
OG0000411	XP_015436878.1, XP_015436886.1	XP_017764894.1
OG0000411	XP_015429831.1	XP_017762783.1
OG0000412	XP_015434167.1	XP_017767155.1
OG0000412	XP_015434957.1	XP_017756296.1
OG0000413	XP_015435296.1	XP_017764657.1, XP_017764658.1
OG0000414	XP_015435132.1	XP_017763461.1
OG0000414	XP_015435135.1	XP_017763519.1
OG0000415	XP_015430865.1	XP_017757147.1
OG0000416	XP_015435263.1	XP_017754141.1
OG0000416	XP_015428672.1	XP_017767559.1
OG0000417	XP_015437968.1	XP_017761856.1
OG0000418	XP_015440371.1	XP_017767766.1
OG0000419	XP_015433820.1	XP_017757934.1
OG0000420	XP_015431289.1	XP_017766476.1
OG0000420	XP_015431300.1	XP_017766479.1
OG0000421	XP_015432218.1	XP_017762179.1
OG0000422	XP_015439981.1	XP_017755619.1
OG0000423	XP_015430628.1	XP_017757187.1
OG0000424	XP_015433762.1	XP_017760417.1
OG0000425	XP_015439601.1, XP_015439599.1	XP_017767385.1
OG0000426	XP_015435125.1	XP_017755944.1
OG0000427	XP_015432561.1	XP_017766053.1
OG0000427	XP_015440151.1	XP_017767685.1
OG0000428	XP_015439352.1	XP_017757677.1
OG0000428	XP_015434708.1	XP_017758550.1
OG0000429	XP_015439988.1	XP_017760481.1
OG0000430	XP_015432989.1	XP_017760973.1
OG0000430	XP_015429785.1	XP_017765420.1, XP_017765421.1
OG0000431	XP_015433474.1	XP_017763663.1
OG0000432	XP_015430495.1	XP_017755867.1, XP_017755868.1
OG0000434	XP_015440332.1	XP_017767592.1
OG0000435	XP_015428517.1	XP_017766509.1, XP_017766558.1
OG0000436	XP_015437482.1	XP_017756254.1
OG0000437	XP_015437559.1, XP_015437558.1, XP_015437557.1	XP_017764057.1
OG0000438	XP_015433348.1	XP_017757414.1
OG0000439	XP_015439918.1	XP_017765335.1, XP_017765337.1, XP_017765336.1
OG0000440	XP_015430611.1	XP_017759178.1
OG0000441	XP_015428778.1	XP_017763129.1
OG0000442	XP_015431478.1	XP_017767104.1, XP_017767103.1, XP_017767102.1
OG0000443	XP_015438231.1	XP_017753252.1, XP_017761508.1
OG0000444	XP_015437287.1	XP_017760787.1
OG0000445	XP_015432260.1	XP_017766891.1
OG0000445	XP_015432261.1	XP_017766424.1, XP_017766903.1
OG0000446	XP_015429506.1	XP_017756753.1
OG0000447	XP_015430478.1	XP_017764213.1, XP_017764211.1, XP_017764212.1
OG0000448	XP_015440001.1	XP_017761116.1, XP_017761117.1
OG0000449	XP_015437325.1	XP_017760841.1
OG0000450	XP_015432640.1	XP_017764822.1, XP_017764827.1
OG0000451	XP_015428735.1, XP_015428736.1, XP_015428737.1	XP_017755102.1
OG0000452	XP_015437321.1	XP_017760703.1
OG0000452	XP_015429805.1	XP_017753133.1
OG0000453	XP_015439003.1	XP_017761581.1, XP_017761580.1, XP_017761579.1, XP_017761577.1, XP_017761578.1, XP_017761582.1
OG0000454	XP_015432223.1	XP_017752876.1
OG0000455	XP_015432676.1	XP_017754652.1, XP_017754659.1, XP_017754667.1
OG0000456	XP_015438176.1	XP_017755210.1
OG0000457	XP_015430282.1	XP_017752188.1
OG0000458	XP_015433077.1	XP_017754095.1, XP_017754093.1, XP_017754097.1, XP_017754096.1
OG0000459	XP_015439579.1	XP_017767481.1
OG0000460	XP_015435422.1	XP_017764843.1
OG0000460	XP_015435423.1	XP_017764840.1
OG0000461	XP_015432294.1	XP_017766569.1, XP_017766568.1
OG0000462	XP_015439365.1	XP_017752839.1, XP_017752838.1
OG0000463	XP_015435313.1, XP_015435314.1, XP_015435305.1	XP_017766072.1
OG0000464	XP_015432820.1	XP_017760977.1
OG0000465	XP_015434227.1	XP_017755355.1
OG0000466	XP_015429220.1	XP_017760318.1
OG0000467	XP_015437761.1	XP_017760720.1, XP_017760721.1, XP_017760722.1, XP_017760723.1, XP_017760724.1
OG0000468	XP_015434849.1	XP_017762072.1
OG0000469	XP_015431772.1	XP_017758614.1, XP_017758616.1, XP_017758615.1
OG0000470	XP_015432130.1	XP_017761039.1, XP_017761040.1
OG0000471	XP_015436162.1	XP_017755852.1, XP_017755854.1, XP_017755853.1, XP_017755851.1, XP_017755856.1, XP_017755858.1, XP_017755857.1
OG0000472	XP_015429983.1	XP_017764392.1, XP_017764391.1
OG0000474	XP_015430247.1, XP_015430255.1	XP_017753055.1, XP_017753056.1, XP_017753057.1
OG0000475	XP_015432455.1	XP_017765216.1
OG0000476	XP_015431600.1	XP_017755919.1
OG0000477	XP_015439894.1	XP_017757581.1
OG0000478	XP_015437208.1	XP_017760173.1
OG0000479	XP_015437281.1	XP_017762280.1
OG0000480	XP_015433561.1	XP_017755956.1
OG0000482	XP_015429591.1	XP_017764103.1, XP_017764335.1, XP_017764104.1
OG0000483	XP_015435369.1	XP_017766007.1
OG0000485	XP_015429741.1	XP_017764492.1
OG0000485	XP_015429690.1	XP_017764507.1
OG0000486	XP_015436437.1	XP_017753139.1
OG0000487	XP_015440145.1	XP_017757539.1
OG0000487	XP_015440057.1, XP_015440058.1	XP_017757493.1
OG0000488	XP_015436500.1	XP_017752738.1
OG0000489	XP_015429761.1	XP_017765531.1
OG0000490	XP_015428411.1	XP_017761469.1, XP_017761468.1
OG0000491	XP_015434278.1	XP_017755955.1
OG0000492	XP_015435792.1	XP_017752426.1
OG0000493	XP_015438423.1	XP_017765376.1, XP_017765374.1, XP_017765375.1
OG0000494	XP_015436648.1	XP_017756086.1
OG0000495	XP_015429963.1	XP_017759663.1
OG0000496	XP_015430038.1, XP_015430037.1	XP_017762833.1
OG0000497	XP_015428876.1	XP_017767399.1
OG0000497	XP_015440098.1	XP_017755579.1
OG0000498	XP_015430515.1	XP_017758969.1
OG0000499	XP_015432026.1	XP_017757006.1
OG0000500	XP_015432044.1	XP_017761772.1
OG0000500	XP_015431968.1	XP_017761183.1
OG0000501	XP_015438706.1	XP_017752927.1
OG0000501	XP_015438636.1	XP_017752878.1
OG0000502	XP_015435832.1	XP_017767048.1
OG0000502	XP_015435829.1	XP_017767049.1
OG0000503	XP_015435885.1	XP_017752365.1
OG0000504	XP_015435805.1	XP_017767069.1, XP_017767072.1, XP_017767071.1, XP_017767073.1, XP_017767070.1
OG0000504	XP_015435768.1	XP_017767036.1
OG0000505	XP_015439185.1	XP_017759884.1
OG0000505	XP_015439188.1	XP_017759849.1
OG0000506	XP_015429036.1	XP_017758652.1
OG0000506	XP_015433753.1	XP_017759175.1
OG0000507	XP_015429104.1, XP_015429116.1	XP_017754721.1
OG0000508	XP_015436217.1	XP_017765669.1
OG0000509	XP_015436969.1	XP_017752232.1
OG0000510	XP_015435612.1, XP_015435613.1	XP_017764993.1, XP_017764990.1, XP_017764991.1, XP_017764992.1
OG0000511	XP_015438689.1	XP_017753404.1
OG0000512	XP_015431214.1, XP_015431213.1	XP_017755745.1
OG0000514	XP_015440053.1, XP_015440004.1	XP_017766135.1, XP_017766127.1, XP_017756788.1, XP_017756789.1
OG0000515	XP_015429769.1	XP_017760493.1, XP_017760487.1, XP_017760447.1, XP_017760456.1, XP_017760479.1, XP_017760437.1, XP_017760463.1, XP_017760471.1
OG0000516	XP_015433990.1	XP_017756415.1, XP_017756414.1, XP_017756413.1
OG0000517	XP_015429686.1	XP_017767580.1
OG0000517	XP_015429710.1	XP_017767581.1
OG0000518	XP_015439206.1	XP_017759880.1, XP_017759879.1
OG0000519	XP_015434468.1	XP_017757117.1
OG0000520	XP_015429955.1	XP_017759664.1
OG0000521	XP_015437087.1	XP_017764260.1
OG0000522	XP_015429795.1	XP_017755160.1, XP_017755159.1
OG0000522	XP_015440397.1	XP_017767119.1
OG0000523	XP_015433083.1	XP_017765350.1
OG0000524	XP_015431379.1	XP_017766247.1
OG0000525	XP_015430382.1, XP_015430381.1	XP_017754648.1, XP_017754647.1
OG0000526	XP_015435087.1	XP_017755908.1
OG0000527	XP_015437689.1	XP_017766748.1
OG0000528	XP_015431707.1	XP_017762867.1
OG0000529	XP_015436656.1	XP_017754360.1
OG0000529	XP_015434457.1	XP_017763747.1
OG0000530	XP_015434169.1	XP_017767203.1
OG0000530	XP_015434118.1	XP_017767201.1
OG0000531	XP_015436131.1	XP_017753323.1
OG0000533	XP_015438304.1	XP_017764893.1
OG0000536	XP_015440431.1	XP_017761064.1, XP_017761063.1
OG0000537	XP_015440254.1	XP_017757435.1
OG0000537	XP_015439799.1	XP_017757436.1
OG0000538	XP_015434765.1	XP_017757767.1
OG0000538	XP_015434761.1	XP_017757736.1
OG0000539	XP_015429650.1	XP_017765504.1, XP_017763340.1, XP_017764282.1
OG0000540	XP_015434166.1	XP_017763811.1
OG0000540	XP_015432501.1	XP_017753865.1, XP_017753866.1
OG0000541	XP_015435260.1	XP_017764540.1
OG0000542	XP_015428576.1	XP_017762932.1
OG0000543	XP_015437477.1	XP_017755175.1, XP_017755174.1
OG0000544	XP_015432517.1, XP_015432519.1, XP_015432521.1, XP_015432520.1, XP_015432518.1, XP_015432522.1	XP_017753908.1
OG0000545	XP_015434858.1	XP_017752709.1
OG0000545	XP_015431089.1	XP_017759224.1
OG0000546	XP_015439508.1	XP_017758797.1
OG0000546	XP_015439517.1	XP_017758848.1
OG0000547	XP_015437695.1, XP_015437702.1	XP_017761219.1
OG0000548	XP_015439405.1	XP_017765237.1
OG0000548	XP_015439327.1	XP_017765221.1
OG0000549	XP_015436050.1	XP_017764048.1, XP_017764049.1
OG0000550	XP_015436516.1, XP_015436977.1, XP_015438258.1	XP_017753481.1
OG0000550	XP_015436608.1	XP_017753451.1
OG0000551	XP_015434437.1, XP_015434435.1	XP_017763807.1
OG0000552	XP_015433984.1	XP_017756310.1
OG0000552	XP_015430423.1	XP_017765414.1
OG0000553	XP_015429639.1	XP_017754292.1, XP_017754291.1
OG0000554	XP_015434889.1, XP_015434890.1	XP_017753778.1
OG0000555	XP_015430590.1	XP_017758351.1
OG0000555	XP_015430604.1	XP_017758485.1
OG0000556	XP_015433332.1, XP_015433331.1, XP_015433333.1	XP_017757477.1
OG0000557	XP_015436178.1, XP_015436177.1	XP_017765671.1, XP_017765673.1, XP_017765670.1, XP_017765672.1
OG0000558	XP_015440146.1	XP_017757529.1
OG0000558	XP_015430419.1	XP_017761631.1
OG0000559	XP_015428439.1, XP_015428440.1, XP_015428441.1	XP_017763320.1, XP_017763321.1, XP_017763322.1, XP_017763325.1, XP_017763324.1, XP_017763323.1, XP_017763326.1
OG0000560	XP_015434883.1	XP_017761843.1, XP_017761844.1, XP_017761841.1, XP_017761842.1
OG0000561	XP_015434544.1	XP_017763162.1
OG0000562	XP_015432565.1	XP_017753072.1
OG0000562	XP_015433405.1	XP_017753092.1, XP_017753093.1
OG0000563	XP_015439705.1	XP_017761340.1
OG0000564	XP_015437714.1	XP_017760919.1, XP_017760917.1, XP_017760918.1, XP_017760921.1
OG0000565	XP_015438914.1	XP_017753770.1
OG0000565	XP_015434955.1	XP_017756294.1
OG0000567	XP_015435501.1	XP_017754797.1
OG0000567	XP_015432904.1	XP_017765986.1
OG0000568	XP_015430553.1	XP_017764169.1, XP_017764168.1
OG0000569	XP_015436835.1	XP_017762586.1
OG0000569	XP_015436529.1	XP_017763944.1
OG0000570	XP_015438303.1, XP_015438302.1, XP_015438301.1, XP_015438300.1, XP_015438299.1	XP_017753245.1
OG0000571	XP_015430209.1	XP_017761519.1
OG0000572	XP_015432288.1	XP_017766655.1
OG0000573	XP_015431448.1	XP_017756065.1
OG0000574	XP_015430520.1	XP_017764199.1
OG0000575	XP_015439510.1	XP_017758795.1
OG0000576	XP_015432168.1	XP_017753450.1
OG0000577	XP_015433055.1	XP_017755484.1
OG0000578	XP_015439325.1	XP_017765267.1
OG0000579	XP_015434496.1	XP_017763761.1
OG0000582	XP_015439735.1	XP_017755642.1
OG0000583	XP_015438944.1	XP_017767216.1
OG0000584	XP_015440306.1	XP_017760147.1
OG0000584	XP_015433985.1	XP_017762725.1
OG0000585	XP_015430694.1	XP_017757162.1
OG0000586	XP_015431489.1	XP_017756074.1
OG0000586	XP_015432562.1	XP_017762917.1
OG0000587	XP_015437432.1	XP_017757750.1, XP_017757749.1
OG0000588	XP_015438642.1	XP_017752916.1, XP_017752915.1, XP_017752918.1, XP_017752917.1
OG0000589	XP_015434455.1	XP_017763751.1, XP_017763752.1
OG0000590	XP_015430535.1	XP_017763632.1
OG0000591	XP_015433846.1	XP_017762494.1
OG0000591	XP_015440033.1	XP_017752705.1
OG0000592	XP_015429806.1	XP_017754394.1, XP_017754372.1
OG0000592	XP_015436804.1	XP_017753960.1
OG0000593	XP_015431261.1	XP_017756429.1
OG0000594	XP_015434546.1	XP_017763160.1, XP_017763161.1, XP_017763158.1, XP_017763159.1
OG0000595	XP_015432442.1	XP_017764957.1
OG0000595	XP_015432492.1	XP_017764958.1
OG0000596	XP_015429070.1, XP_015429106.1	XP_017754687.1
OG0000597	XP_015438217.1	XP_017762792.1
OG0000598	XP_015437505.1	XP_017756277.1
OG0000599	XP_015433061.1, XP_015433063.1	XP_017754189.1
OG0000600	XP_015438367.1	XP_017757430.1
OG0000601	XP_015433201.1, XP_015433130.1	XP_017752122.1
OG0000602	XP_015432677.1	XP_017762157.1
OG0000603	XP_015439412.1	XP_017752864.1
OG0000604	XP_015436738.1	XP_017766282.1
OG0000604	XP_015436758.1, XP_015436757.1	XP_017766300.1, XP_017766301.1
OG0000605	XP_015438556.1	XP_017764722.1
OG0000606	XP_015438085.1, XP_015438084.1, XP_015438086.1	XP_017758588.1
OG0000607	XP_015438996.1, XP_015438997.1	XP_017759848.1
OG0000609	XP_015440194.1	XP_017753707.1
OG0000611	XP_015433176.1, XP_015433175.1	XP_017765255.1
OG0000612	XP_015437004.1	XP_017760453.1
OG0000613	XP_015432916.1	XP_017754050.1
OG0000613	XP_015431452.1	XP_017752303.1
OG0000614	XP_015433748.1	XP_017759416.1
OG0000614	XP_015435590.1	XP_017762998.1
OG0000615	XP_015430027.1, XP_015430036.1	XP_017761881.1, XP_017761880.1, XP_017761882.1
OG0000616	XP_015433964.1	XP_017756370.1, XP_017756368.1, XP_017756369.1, XP_017756371.1
OG0000617	XP_015434994.1	XP_017758053.1, XP_017758055.1
OG0000619	XP_015440418.1	XP_017756716.1
OG0000620	XP_015431510.1, XP_015431511.1, XP_015431509.1	XP_017759507.1, XP_017759506.1
OG0000621	XP_015437746.1, XP_015437744.1, XP_015437743.1, XP_015437742.1, XP_015437745.1	XP_017760680.1
OG0000622	XP_015433212.1, XP_015433214.1, XP_015433213.1	XP_017765225.1
OG0000623	XP_015432743.1, XP_015432744.1, XP_015432742.1	XP_017762139.1, XP_017762138.1
OG0000624	XP_015432546.1	XP_017762237.1
OG0000626	XP_015432162.1	XP_017756140.1, XP_017756141.1
OG0000627	XP_015435545.1	XP_017754831.1
OG0000628	XP_015437785.1	XP_017762299.1
OG0000630	XP_015436208.1	XP_017761829.1
OG0000631	XP_015439121.1	XP_017759913.1
OG0000632	XP_015432406.1	XP_017766787.1
OG0000633	XP_015439060.1	XP_017761544.1
OG0000633	XP_015432007.1	XP_017765716.1
OG0000634	XP_015434635.1	XP_017752301.1
OG0000634	XP_015434621.1	XP_017759020.1
OG0000635	XP_015429501.1	XP_017756750.1
OG0000636	XP_015438460.1, XP_015438459.1	XP_017764699.1
OG0000637	XP_015437199.1	XP_017766078.1
OG0000638	XP_015436908.1	XP_017765889.1, XP_017765895.1
OG0000639	XP_015429071.1	XP_017762540.1, XP_017762541.1, XP_017762542.1
OG0000640	XP_015437071.1	XP_017753335.1, XP_017753334.1, XP_017753336.1
OG0000641	XP_015430154.1	XP_017756441.1
OG0000642	XP_015432222.1	XP_017766385.1
OG0000643	XP_015437212.1	XP_017766125.1
OG0000643	XP_015437210.1	XP_017766126.1
OG0000644	XP_015429150.1	XP_017765200.1
OG0000645	XP_015431074.1	XP_017757909.1
OG0000645	XP_015431075.1	XP_017757881.1
OG0000646	XP_015434410.1	XP_017763768.1
OG0000647	XP_015438056.1	XP_017763452.1
OG0000648	XP_015437571.1, XP_015437572.1	XP_017764331.1, XP_017764323.1
OG0000649	XP_015431280.1	XP_017766224.1
OG0000650	XP_015434573.1	XP_017757729.1
OG0000651	XP_015432064.1	XP_017761734.1
OG0000651	XP_015429048.1	XP_017762982.1
OG0000653	XP_015440189.1, XP_015440190.1	XP_017763886.1
OG0000654	XP_015433472.1	XP_017767556.1, XP_017762449.1
OG0000654	XP_015435753.1	XP_017753527.1
OG0000656	XP_015429876.1	XP_017761894.1
OG0000657	XP_015433993.1, XP_015433994.1	XP_017762724.1
OG0000659	XP_015439500.1	XP_017755728.1
OG0000660	XP_015435816.1	XP_017767022.1
OG0000661	XP_015432115.1	XP_017766893.1
OG0000662	XP_015440363.1	XP_017767764.1, XP_017767763.1
OG0000663	XP_015428538.1	XP_017766706.1, XP_017766699.1, XP_017766705.1
OG0000664	XP_015436395.1	XP_017755746.1
OG0000665	XP_015439163.1	XP_017753871.1, XP_017753863.1
OG0000666	XP_015436071.1	XP_017758780.1
OG0000667	XP_015437621.1	XP_017764388.1
OG0000668	XP_015428745.1, XP_015428748.1, XP_015428747.1	XP_017765753.1
OG0000669	XP_015430929.1	XP_017760492.1
OG0000670	XP_015440089.1	XP_017767651.1
OG0000671	XP_015431794.1	XP_017758629.1, XP_017758630.1, XP_017758631.1
OG0000672	XP_015429268.1	XP_017753114.1
OG0000672	XP_015429284.1	XP_017753111.1
OG0000673	XP_015433953.1	XP_017755198.1
OG0000674	XP_015432937.1	XP_017754061.1
OG0000674	XP_015429621.1	XP_017763076.1
OG0000675	XP_015438926.1	XP_017752565.1
OG0000676	XP_015429601.1	XP_017761691.1, XP_017761692.1, XP_017761690.1, XP_017761688.1
OG0000677	XP_015433924.1, XP_015433918.1	XP_017760028.1
OG0000680	XP_015433554.1, XP_015433558.1	XP_017752498.1, XP_017752500.1, XP_017752497.1, XP_017752499.1
OG0000681	XP_015433017.1	XP_017756389.1, XP_017754774.1
OG0000681	XP_015428903.1	XP_017764767.1
OG0000682	XP_015438452.1	XP_017767522.1
OG0000683	XP_015436281.1	XP_017755038.1, XP_017755037.1
OG0000684	XP_015432542.1, XP_015432541.1	XP_017762246.1
OG0000685	XP_015431118.1	XP_017761715.1
OG0000685	XP_015435276.1	XP_017764837.1
OG0000686	XP_015429335.1	XP_017757353.1
OG0000687	XP_015436147.1, XP_015436148.1	XP_017755789.1, XP_017755790.1
OG0000688	XP_015434082.1	XP_017767236.1
OG0000689	XP_015440063.1	XP_017755270.1
OG0000689	XP_015440100.1	XP_017755285.1
OG0000690	XP_015430057.1, XP_015430058.1	XP_017762817.1, XP_017762818.1
OG0000691	XP_015437058.1, XP_015437059.1	XP_017762441.1, XP_017762440.1, XP_017762437.1
OG0000692	XP_015431341.1	XP_017766169.1
OG0000693	XP_015429764.1	XP_017759078.1
OG0000694	XP_015440083.1	XP_017760608.1
OG0000695	XP_015431578.1, XP_015431579.1, XP_015431581.1, XP_015431580.1	XP_017756079.1
OG0000696	XP_015434483.1	XP_017765404.1
OG0000697	XP_015429121.1	XP_017757054.1, XP_017757052.1
OG0000697	XP_015432291.1	XP_017766490.1, XP_017766484.1
OG0000698	XP_015439831.1	XP_017755634.1
OG0000699	XP_015439540.1	XP_017763252.1
OG0000700	XP_015432816.1	XP_017760974.1
OG0000700	XP_015432817.1	XP_017760975.1
OG0000701	XP_015434443.1	XP_017753121.1
OG0000703	XP_015434347.1	XP_017756071.1, XP_017756072.1, XP_017753952.1, XP_017753953.1, XP_017753957.1, XP_017756070.1
OG0000704	XP_015434162.1	XP_017759410.1
OG0000704	XP_015438972.1	XP_017759920.1
OG0000705	XP_015432029.1	XP_017758300.1, XP_017758301.1
OG0000706	XP_015437465.1	XP_017753488.1
OG0000707	XP_015436876.1	XP_017756045.1
OG0000708	XP_015434860.1	XP_017761831.1
OG0000709	XP_015430935.1	XP_017764562.1, XP_017764563.1
OG0000710	XP_015436503.1	XP_017756525.1
OG0000710	XP_015431301.1	XP_017766223.1
OG0000711	XP_015431925.1	XP_017759284.1, XP_017759285.1
OG0000712	XP_015432050.1, XP_015432051.1, XP_015432049.1, XP_015432048.1	XP_017764008.1, XP_017764013.1
OG0000713	XP_015434206.1	XP_017767276.1
OG0000714	XP_015428397.1, XP_015428396.1	XP_017760895.1, XP_017760887.1
OG0000715	XP_015430199.1	XP_017762022.1
OG0000716	XP_015429867.1	XP_017762819.1, XP_017762821.1, XP_017762820.1
OG0000717	XP_015432908.1	XP_017765990.1
OG0000718	XP_015438933.1	XP_017761509.1
OG0000718	XP_015439212.1	XP_017761584.1, XP_017761588.1, XP_017761587.1, XP_017761586.1, XP_017761585.1
OG0000719	XP_015432587.1	XP_017758389.1, XP_017758388.1
OG0000720	XP_015432543.1	XP_017762238.1
OG0000720	XP_015430178.1	XP_017754420.1
OG0000721	XP_015431480.1	XP_017762374.1
OG0000722	XP_015430974.1, XP_015430975.1	XP_017754987.1
OG0000722	XP_015430973.1, XP_015430972.1	XP_017754983.1
OG0000724	XP_015436647.1, XP_015436644.1	XP_017756549.1
OG0000726	XP_015433614.1	XP_017752987.1
OG0000727	XP_015439589.1	XP_017767341.1
OG0000728	XP_015440526.1	XP_017763406.1
OG0000730	XP_015430002.1	XP_017752604.1, XP_017752601.1, XP_017752602.1, XP_017752605.1, XP_017752595.1, XP_017752596.1, XP_017752598.1, XP_017752600.1, XP_017752599.1, XP_017752603.1
OG0000731	XP_015433610.1, XP_015433611.1	XP_017753016.1
OG0000732	XP_015434230.1	XP_017762915.1
OG0000733	XP_015429975.1	XP_017754406.1
OG0000734	XP_015432084.1	XP_017755936.1, XP_017763783.1
OG0000736	XP_015434092.1, XP_015434093.1, XP_015434090.1, XP_015434091.1, XP_015434094.1	XP_017767214.1
OG0000737	XP_015439526.1	XP_017755725.1
OG0000738	XP_015433274.1	XP_017767668.1
OG0000739	XP_015432942.1, XP_015432950.1	XP_017766452.1
OG0000740	XP_015432891.1, XP_015432790.1	XP_017760981.1
OG0000741	XP_015435759.1, XP_015435760.1, XP_015435761.1	XP_017759341.1
OG0000742	XP_015438404.1	XP_017765362.1
OG0000743	XP_015429985.1	XP_017763856.1
OG0000744	XP_015432237.1	XP_017756153.1
OG0000745	XP_015430064.1	XP_017762904.1, XP_017762903.1
OG0000746	XP_015437573.1	XP_017753208.1
OG0000747	XP_015437721.1	XP_017754395.1
OG0000748	XP_015431791.1	XP_017758634.1
OG0000749	XP_015430201.1	XP_017762015.1
OG0000750	XP_015437374.1	XP_017760807.1
OG0000751	XP_015432871.1	XP_017754043.1
OG0000752	XP_015438973.1	XP_017759922.1
OG0000752	XP_015439115.1	XP_017759923.1
OG0000753	XP_015438101.1	XP_017752801.1
OG0000754	XP_015429254.1	XP_017752968.1
OG0000754	XP_015439372.1	XP_017758163.1
OG0000755	XP_015431086.1	XP_017762757.1
OG0000756	XP_015436298.1	XP_017762800.1
OG0000756	XP_015436309.1	XP_017762766.1
OG0000757	XP_015435207.1, XP_015435714.1	XP_017758256.1
OG0000758	XP_015434240.1	XP_017764810.1
OG0000758	XP_015429496.1	XP_017752244.1
OG0000759	XP_015432714.1	XP_017762130.1
OG0000760	XP_015436367.1	XP_017758784.1
OG0000761	XP_015438013.1	XP_017760240.1
OG0000762	XP_015429614.1	XP_017755929.1
OG0000764	XP_015439729.1	XP_017759458.1
OG0000766	XP_015433383.1, XP_015433382.1	XP_017757616.1
OG0000767	XP_015434452.1, XP_015434451.1	XP_017754999.1
OG0000768	XP_015437773.1	XP_017760851.1
OG0000769	XP_015433465.1	XP_017760263.1
OG0000770	XP_015439048.1	XP_017759928.1
OG0000771	XP_015435200.1	XP_017758258.1
OG0000772	XP_015430519.1	XP_017762600.1, XP_017762599.1
OG0000773	XP_015435527.1	XP_017754804.1
OG0000774	XP_015432609.1, XP_015432607.1, XP_015432608.1	XP_017758446.1
OG0000775	XP_015436549.1	XP_017754810.1, XP_017754809.1
OG0000776	XP_015432975.1	XP_017754067.1
OG0000777	XP_015439100.1	XP_017762872.1
OG0000778	XP_015437148.1	XP_017762788.1, XP_017762789.1, XP_017762790.1
OG0000779	XP_015437694.1	XP_017753040.1
OG0000779	XP_015433143.1	XP_017766273.1
OG0000780	XP_015438502.1	XP_017758371.1
OG0000781	XP_015435781.1	XP_017767116.1, XP_017767117.1, XP_017767118.1
OG0000782	XP_015436117.1	XP_017756850.1
OG0000784	XP_015432863.1	XP_017754191.1
OG0000785	XP_015438966.1	XP_017759918.1
OG0000786	XP_015430326.1	XP_017754625.1, XP_017754626.1, XP_017754624.1
OG0000787	XP_015435743.1	XP_017753531.1
OG0000788	XP_015434697.1	XP_017755349.1
OG0000789	XP_015429610.1	XP_017753925.1, XP_017753926.1
OG0000790	XP_015430194.1	XP_017762009.1
OG0000791	XP_015430314.1, XP_015430315.1	XP_017764415.1
OG0000795	XP_015429939.1	XP_017757001.1, XP_017757000.1
OG0000796	XP_015436930.1	XP_017767326.1
OG0000796	XP_015430785.1	XP_017760088.1
OG0000797	XP_015430964.1, XP_015430962.1, XP_015430963.1	XP_017764574.1
OG0000798	XP_015431041.1	XP_017757897.1, XP_017757896.1
OG0000799	XP_015436448.1	XP_017758870.1
OG0000799	XP_015436446.1	XP_017758869.1
OG0000800	XP_015438988.1	XP_017757842.1
OG0000801	XP_015434936.1	XP_017761227.1
OG0000801	XP_015430589.1	XP_017753985.1
OG0000802	XP_015438421.1, XP_015438420.1	XP_017764734.1
OG0000803	XP_015434459.1	XP_017757687.1, XP_017757688.1
OG0000804	XP_015434734.1	XP_017752744.1, XP_017752743.1, XP_017752742.1
OG0000805	XP_015431950.1	XP_017756891.1
OG0000806	XP_015436300.1	XP_017755842.1, XP_017755840.1, XP_017755841.1
OG0000807	XP_015437566.1, XP_015437567.1	XP_017766888.1
OG0000808	XP_015438454.1	XP_017759180.1, XP_017759110.1
OG0000809	XP_015439656.1	XP_017755666.1
OG0000810	XP_015437543.1, XP_015437555.1	XP_017764280.1
OG0000811	XP_015429244.1	XP_017760291.1, XP_017760290.1
OG0000812	XP_015436704.1	XP_017753157.1
OG0000812	XP_015435806.1	XP_017752318.1
OG0000813	XP_015430297.1	XP_017764476.1
OG0000814	XP_015433794.1	XP_017757947.1
OG0000814	XP_015433799.1	XP_017757986.1
OG0000815	XP_015435418.1	XP_017763277.1, XP_017763281.1
OG0000816	XP_015430601.1	XP_017758401.1, XP_017758400.1
OG0000817	XP_015431473.1	XP_017767001.1
OG0000818	XP_015434228.1	XP_017754347.1
OG0000819	XP_015437993.1, XP_015437994.1	XP_017752959.1
OG0000820	XP_015436712.1, XP_015436713.1, XP_015436714.1	XP_017764041.1
OG0000821	XP_015437647.1	XP_017767313.1
OG0000822	XP_015430122.1	XP_017755685.1
OG0000823	XP_015428705.1	XP_017759549.1
OG0000824	XP_015433325.1	XP_017765795.1
OG0000824	XP_015431310.1	XP_017756427.1
OG0000825	XP_015436392.1	XP_017758800.1
OG0000826	XP_015439895.1, XP_015439897.1	XP_017757509.1
OG0000827	XP_015437657.1	XP_017761143.1
OG0000828	XP_015438750.1	XP_017766138.1, XP_017766137.1
OG0000829	XP_015437554.1, XP_015437553.1	XP_017764114.1
OG0000830	XP_015433638.1	XP_017764989.1
OG0000831	XP_015440192.1	XP_017765479.1
OG0000832	XP_015429166.1	XP_017765320.1
OG0000833	XP_015438693.1, XP_015438704.1	XP_017767545.1, XP_017752361.1, XP_017766873.1
OG0000834	XP_015430099.1	XP_017764288.1
OG0000835	XP_015431134.1	XP_017762879.1
OG0000836	XP_015433137.1	XP_017767709.1
OG0000837	XP_015436329.1	XP_017756902.1, XP_017756901.1
OG0000839	XP_015429634.1, XP_015429546.1	XP_017752243.1
OG0000840	XP_015436664.1	XP_017761286.1
OG0000841	XP_015429529.1	XP_017763048.1
OG0000842	XP_015440270.1	XP_017757480.1
OG0000843	XP_015432284.1	XP_017756184.1
OG0000844	XP_015429808.1	XP_017757640.1
OG0000845	XP_015436209.1	XP_017758814.1
OG0000846	XP_015433628.1	XP_017765023.1, XP_017765019.1
OG0000847	XP_015437252.1	XP_017763767.1
OG0000849	XP_015438588.1, XP_015438589.1	XP_017758424.1, XP_017758423.1, XP_017757899.1, XP_017757908.1
OG0000850	XP_015436742.1	XP_017756655.1
OG0000851	XP_015429407.1, XP_015429406.1	XP_017763907.1, XP_017763906.1
OG0000852	XP_015432163.1	XP_017766379.1
OG0000853	XP_015430348.1, XP_015430346.1, XP_015430347.1	XP_017764442.1
OG0000854	XP_015433988.1	XP_017756320.1
OG0000855	XP_015429905.1, XP_015429906.1	XP_017764890.1, XP_017764891.1, XP_017764888.1, XP_017764889.1, XP_017764892.1
OG0000856	XP_015434595.1	XP_017761406.1
OG0000857	XP_015430616.1	XP_017758621.1
OG0000858	XP_015431883.1	XP_017752644.1
OG0000858	XP_015432357.1	XP_017766619.1
OG0000859	XP_015435330.1	XP_017754215.1
OG0000860	XP_015433666.1, XP_015433664.1, XP_015433665.1	XP_017764931.1
OG0000861	XP_015432534.1	XP_017766394.1
OG0000862	XP_015432062.1	XP_017758345.1
OG0000863	XP_015430577.1	XP_017763617.1
OG0000864	XP_015439795.1	XP_017761350.1
OG0000865	XP_015440202.1	XP_017763876.1
OG0000866	XP_015434681.1	XP_017756133.1, XP_017756134.1, XP_017756132.1
OG0000867	XP_015433845.1	XP_017765132.1
OG0000868	XP_015429498.1	XP_017757631.1, XP_017762323.1
OG0000869	XP_015436302.1	XP_017758911.1
OG0000870	XP_015437265.1	XP_017756625.1
OG0000871	XP_015439143.1	XP_017767286.1, XP_017767287.1
OG0000872	XP_015435231.1	XP_017764930.1
OG0000873	XP_015440324.1	XP_017767635.1
OG0000874	XP_015438188.1	XP_017761258.1
OG0000875	XP_015432366.1	XP_017766606.1, XP_017766607.1
OG0000876	XP_015433442.1, XP_015433436.1	XP_017758976.1, XP_017758977.1
OG0000877	XP_015428650.1	XP_017766510.1
OG0000878	XP_015435085.1	XP_017763446.1
OG0000879	XP_015433788.1	XP_017756509.1
OG0000879	XP_015433787.1	XP_017756508.1
OG0000880	XP_015438999.1	XP_017759907.1
OG0000881	XP_015431399.1	XP_017754238.1
OG0000882	XP_015436379.1	XP_017755832.1
OG0000883	XP_015439347.1	XP_017753768.1, XP_017753769.1
OG0000884	XP_015435609.1	XP_017753790.1
OG0000885	XP_015429188.1	XP_017762624.1
OG0000886	XP_015439247.1	XP_017763216.1, XP_017763217.1
OG0000887	XP_015434402.1	XP_017762745.1
OG0000887	XP_015434519.1	XP_017762752.1
OG0000888	XP_015430402.1, XP_015437884.1	XP_017755875.1
OG0000890	XP_015430864.1	XP_017758593.1
OG0000891	XP_015431178.1	XP_017765326.1, XP_017765457.1, XP_017765386.1, XP_017765261.1, XP_017765507.1
OG0000892	XP_015439082.1, XP_015439090.1, XP_015439098.1	XP_017767769.1
OG0000893	XP_015436613.1	XP_017765189.1
OG0000893	XP_015435682.1	XP_017765186.1
OG0000894	XP_015432602.1	XP_017759978.1
OG0000895	XP_015434237.1	XP_017766193.1
OG0000896	XP_015435598.1	XP_017764955.1
OG0000897	XP_015434715.1	XP_017761780.1
OG0000898	XP_015440102.1	XP_017755591.1
OG0000898	XP_015429217.1	XP_017763562.1
OG0000899	XP_015428714.1	XP_017754356.1
OG0000900	XP_015432099.1	XP_017756151.1
OG0000901	XP_015435681.1	XP_017765566.1
OG0000902	XP_015438633.1	XP_017752722.1
OG0000903	XP_015432930.1	XP_017766346.1
OG0000903	XP_015432119.1	XP_017766377.1
OG0000904	XP_015438560.1	XP_017765396.1
OG0000905	XP_015438183.1	XP_017753218.1
OG0000906	XP_015438179.1	XP_017761705.1
OG0000906	XP_015438388.1	XP_017757453.1
OG0000908	XP_015438401.1	XP_017758530.1, XP_017758532.1, XP_017758531.1
OG0000909	XP_015428795.1	XP_017759546.1
OG0000910	XP_015432353.1, XP_015432343.1	XP_017766557.1
OG0000911	XP_015439013.1	XP_017763238.1
OG0000912	XP_015439535.1	XP_017759226.1
OG0000913	XP_015435552.1, XP_015435551.1	XP_017754839.1
OG0000914	XP_015430477.1	XP_017764176.1, XP_017764177.1
OG0000915	XP_015434614.1	XP_017758693.1
OG0000916	XP_015432584.1	XP_017766381.1
OG0000916	XP_015432596.1	XP_017766068.1
OG0000917	XP_015432611.1	XP_017763500.1, XP_017763493.1
OG0000918	XP_015436619.1	XP_017759021.1
OG0000919	XP_015431667.1	XP_017761092.1
OG0000920	XP_015430334.1, XP_015430325.1, XP_015430342.1	XP_017753234.1, XP_017753226.1
OG0000921	XP_015431388.1, XP_015431387.1, XP_015431389.1	XP_017754245.1
OG0000922	XP_015430415.1	XP_017761625.1
OG0000923	XP_015438334.1	XP_017762400.1
OG0000924	XP_015435794.1	XP_017752395.1
OG0000925	XP_015433075.1	XP_017754069.1
OG0000926	XP_015432575.1	XP_017766203.1
OG0000927	XP_015435019.1	XP_017756343.1
OG0000928	XP_015438428.1	XP_017756472.1
OG0000929	XP_015433173.1	XP_017765269.1
OG0000930	XP_015431084.1	XP_017757936.1
OG0000931	XP_015434904.1	XP_017753804.1
OG0000932	XP_015439311.1	XP_017766493.1, XP_017766492.1
OG0000933	XP_015434525.1	XP_017755013.1
OG0000933	XP_015433046.1	XP_017754192.1
OG0000934	XP_015440077.1	XP_017758734.1
OG0000937	XP_015429305.1	XP_017763549.1
OG0000938	XP_015437503.1	XP_017756005.1, XP_017756004.1, XP_017756003.1, XP_017756006.1, XP_017756007.1
OG0000939	XP_015436573.1	XP_017753452.1
OG0000941	XP_015429495.1	XP_017753618.1
OG0000942	XP_015434790.1	XP_017753883.1
OG0000943	XP_015432439.1	XP_017754071.1, XP_017765026.1
OG0000944	XP_015434121.1	XP_017759386.1
OG0000945	XP_015438438.1	XP_017758473.1
OG0000946	XP_015429289.1	XP_017765418.1
OG0000946	XP_015428568.1	XP_017766515.1
OG0000948	XP_015435728.1	XP_017755461.1
OG0000949	XP_015437163.1	XP_017760158.1
OG0000950	XP_015435825.1, XP_015435833.1	XP_017763833.1
OG0000951	XP_015430464.1, XP_015430462.1, XP_015430463.1	XP_017758993.1
OG0000952	XP_015436332.1	XP_017765674.1
OG0000953	XP_015429439.1	XP_017759808.1
OG0000954	XP_015431014.1	XP_017755042.1
OG0000954	XP_015431012.1	XP_017755020.1
OG0000955	XP_015429456.1	XP_017761292.1, XP_017761294.1
OG0000957	XP_015428740.1	XP_017759479.1
OG0000958	XP_015430623.1	XP_017756699.1
OG0000959	XP_015431386.1	XP_017766227.1
OG0000959	XP_015431296.1	XP_017766225.1
OG0000960	XP_015439752.1, XP_015439746.1	XP_017758219.1
OG0000961	XP_015431200.1	XP_017759607.1
OG0000961	XP_015431047.1	XP_017758216.1
OG0000962	XP_015430216.1	XP_017760629.1
OG0000963	XP_015436151.1	XP_017764059.1, XP_017764058.1
OG0000964	XP_015431708.1	XP_017766447.1
OG0000965	XP_015436410.1	XP_017756921.1
OG0000966	XP_015431135.1	XP_017755721.1
OG0000967	XP_015430658.1	XP_017757216.1, XP_017757215.1, XP_017757217.1
OG0000968	XP_015432857.1	XP_017754235.1, XP_017754234.1, XP_017754237.1
OG0000969	XP_015434414.1	XP_017765139.1
OG0000970	XP_015440451.1	XP_017762286.1, XP_017762285.1, XP_017762283.1
OG0000971	XP_015439434.1	XP_017758168.1
OG0000972	XP_015437318.1	XP_017760717.1, XP_017760715.1, XP_017760714.1
OG0000973	XP_015428696.1, XP_015428711.1, XP_015428704.1	XP_017767647.1
OG0000974	XP_015434065.1, XP_015434066.1	XP_017760555.1, XP_017760552.1
OG0000976	XP_015431992.1	XP_017756909.1, XP_017756916.1, XP_017756900.1
OG0000977	XP_015440051.1	XP_017757459.1
OG0000978	XP_015440373.1	XP_017752179.1
OG0000978	XP_015435492.1	XP_017754835.1
OG0000979	XP_015438043.1	XP_017763039.1
OG0000980	XP_015429212.1	XP_017752299.1
OG0000981	XP_015438081.1	XP_017763674.1
OG0000983	XP_015440002.1	XP_017761336.1
OG0000984	XP_015437704.1	XP_017757789.1
OG0000985	XP_015438344.1	XP_017762848.1
OG0000986	XP_015439743.1	XP_017752585.1
OG0000986	XP_015439956.1	XP_017756224.1
OG0000987	XP_015440366.1	XP_017761059.1
OG0000988	XP_015430580.1	XP_017761888.1
OG0000989	XP_015433625.1	XP_017766725.1, XP_017766730.1
OG0000990	XP_015438755.1	XP_017762468.1
OG0000992	XP_015428550.1, XP_015428548.1	XP_017766626.1
OG0000993	XP_015429057.1	XP_017757062.1
OG0000994	XP_015429081.1	XP_017754760.1
OG0000994	XP_015429135.1	XP_017754758.1
OG0000995	XP_015431356.1	XP_017764133.1
OG0000996	XP_015435745.1, XP_015435744.1	XP_017764356.1, XP_017764355.1, XP_017764354.1
OG0000997	XP_015439771.1	XP_017758766.1
OG0000998	XP_015434647.1	XP_017760475.1
OG0000999	XP_015430447.1	XP_017755884.1
OG0001000	XP_015429845.1, XP_015429844.1	XP_017752606.1
OG0001001	XP_015430747.1	XP_017758622.1
OG0001002	XP_015434888.1	XP_017753828.1
OG0001003	XP_015438385.1	XP_017762940.1
OG0001004	XP_015437655.1	XP_017767312.1
OG0001005	XP_015439086.1	XP_017757076.1
OG0001006	XP_015440539.1, XP_015440538.1	XP_017761905.1, XP_017761906.1
OG0001007	XP_015438960.1	XP_017756800.1
OG0001008	XP_015438788.1	XP_017760339.1
OG0001009	XP_015436115.1	XP_017756806.1
OG0001009	XP_015437413.1	XP_017762311.1
OG0001010	XP_015438257.1	XP_017753260.1
OG0001011	XP_015430912.1	XP_017754941.1
OG0001012	XP_015433280.1	XP_017755660.1, XP_017755583.1
OG0001013	XP_015439219.1	XP_017757833.1
OG0001014	XP_015429109.1	XP_017758668.1
OG0001015	XP_015436597.1	XP_017765185.1
OG0001016	XP_015433041.1	XP_017753988.1
OG0001016	XP_015437715.1	XP_017760700.1
OG0001017	XP_015429960.1	XP_017759056.1
OG0001018	XP_015438190.1	XP_017753525.1
OG0001019	XP_015438862.1	XP_017760379.1
OG0001020	XP_015429328.1	XP_017757292.1
OG0001021	XP_015436528.1	XP_017754781.1
OG0001022	XP_015430405.1	XP_017758964.1
OG0001025	XP_015431309.1	XP_017757868.1
OG0001026	XP_015433750.1	XP_017760653.1
OG0001027	XP_015439987.1, XP_015439986.1, XP_015439985.1	XP_017757558.1
OG0001028	XP_015434970.1	XP_017755505.1
OG0001029	XP_015438690.1	XP_017753437.1
OG0001030	XP_015439176.1	XP_017763191.1, XP_017763188.1, XP_017763187.1, XP_017763186.1, XP_017763185.1, XP_017763190.1
OG0001031	XP_015430659.1	XP_017761147.1
OG0001032	XP_015437692.1	XP_017766749.1
OG0001032	XP_015438823.1	XP_017761492.1
OG0001033	XP_015438265.1	XP_017753201.1
OG0001034	XP_015440115.1	XP_017758730.1
OG0001035	XP_015429551.1	XP_017756768.1, XP_017756767.1, XP_017756765.1, XP_017756766.1
OG0001036	XP_015433741.1	XP_017765137.1
OG0001036	XP_015440403.1	XP_017758195.1
OG0001037	XP_015434444.1	XP_017753115.1
OG0001038	XP_015439893.1	XP_017755256.1, XP_017755255.1
OG0001039	XP_015438726.1	XP_017753135.1, XP_017753127.1
OG0001040	XP_015435380.1, XP_015435379.1	XP_017754064.1, XP_017754062.1, XP_017754063.1
OG0001041	XP_015437162.1	XP_017758940.1
OG0001042	XP_015432407.1	XP_017766417.1, XP_017766416.1
OG0001045	XP_015429608.1	XP_017763075.1
OG0001046	XP_015434583.1	XP_017767132.1, XP_017767127.1
OG0001048	XP_015437438.1, XP_015437439.1, XP_015437440.1, XP_015437441.1, XP_015437443.1, XP_015437437.1	XP_017757794.1, XP_017757790.1, XP_017757792.1, XP_017757793.1
OG0001049	XP_015436429.1, XP_015436428.1	XP_017758906.1, XP_017758904.1
OG0001050	XP_015435564.1	XP_017754866.1
OG0001051	XP_015440522.1	XP_017761912.1
OG0001052	XP_015439737.1	XP_017755618.1
OG0001053	XP_015433232.1	XP_017759184.1
OG0001053	XP_015433233.1	XP_017759183.1
OG0001054	XP_015430275.1	XP_017754649.1
OG0001055	XP_015428649.1, XP_015428648.1, XP_015428647.1	XP_017766546.1, XP_017766548.1, XP_017766547.1, XP_017766549.1
OG0001056	XP_015429671.1, XP_015429672.1	XP_017754483.1
OG0001057	XP_015439675.1	XP_017757527.1
OG0001058	XP_015431277.1	XP_017760052.1, XP_017760051.1
OG0001059	XP_015429445.1	XP_017760755.1
OG0001059	XP_015439523.1	XP_017756946.1
OG0001060	XP_015430683.1	XP_017760067.1
OG0001061	XP_015439606.1, XP_015439605.1, XP_015439604.1	XP_017767375.1, XP_017767376.1, XP_017767378.1
OG0001064	XP_015434494.1	XP_017763583.1
OG0001065	XP_015438348.1	XP_017764749.1, XP_017764748.1
OG0001066	XP_015437334.1	XP_017760959.1
OG0001067	XP_015440478.1, XP_015440480.1	XP_017763431.1
OG0001068	XP_015429851.1	XP_017754412.1, XP_017754418.1
OG0001069	XP_015438935.1	XP_017752581.1
OG0001070	XP_015435416.1	XP_017764856.1
OG0001071	XP_015436206.1	XP_017763246.1
OG0001072	XP_015428646.1	XP_017766545.1
OG0001072	XP_015428520.1	XP_017766528.1
OG0001073	XP_015439548.1	XP_017758851.1
OG0001073	XP_015439514.1	XP_017758850.1
OG0001074	XP_015435822.1, XP_015435786.1	XP_017767098.1
OG0001075	XP_015436519.1	XP_017763954.1
OG0001076	XP_015436502.1	XP_017756524.1
OG0001077	XP_015438675.1	XP_017752925.1
OG0001078	XP_015431398.1	XP_017766228.1
OG0001079	XP_015440017.1	XP_017752791.1, XP_017752783.1
OG0001081	XP_015438910.1	XP_017753732.1
OG0001082	XP_015432945.1	XP_017766001.1
OG0001083	XP_015439190.1	XP_017753915.1, XP_017753923.1, XP_017753931.1, XP_017753939.1, XP_017753911.1
OG0001084	XP_015439092.1	XP_017763182.1
OG0001085	XP_015433251.1, XP_015433250.1, XP_015433249.1	XP_017762950.1
OG0001086	XP_015430723.1, XP_015430724.1, XP_015430725.1, XP_015430726.1	XP_017757152.1, XP_017757159.1
OG0001087	XP_015439251.1	XP_017759953.1, XP_017759955.1, XP_017759954.1, XP_017759956.1
OG0001090	XP_015430665.1, XP_015430664.1, XP_015430663.1	XP_017757172.1
OG0001091	XP_015429760.1	XP_017767631.1, XP_017767632.1
OG0001092	XP_015433886.1, XP_015433879.1	XP_017759231.1
OG0001093	XP_015431393.1, XP_015431394.1	XP_017756464.1, XP_017756469.1, XP_017756467.1, XP_017756468.1, XP_017756466.1, XP_017756465.1
OG0001094	XP_015432999.1	XP_017753063.1
OG0001095	XP_015433991.1	XP_017756324.1, XP_017756323.1
OG0001096	XP_015430260.1	XP_017754620.1, XP_017754622.1, XP_017754621.1
OG0001097	XP_015438468.1, XP_015438467.1	XP_017765382.1
OG0001098	XP_015432197.1	XP_017756180.1
OG0001099	XP_015435245.1	XP_017762899.1
OG0001100	XP_015432039.1	XP_017764002.1
OG0001101	XP_015437372.1	XP_017760694.1
OG0001102	XP_015439559.1	XP_017765865.1, XP_017765866.1, XP_017765867.1
OG0001103	XP_015437469.1	XP_017756049.1, XP_017756048.1
OG0001104	XP_015440021.1	XP_017755271.1
OG0001105	XP_015431851.1	XP_017756366.1
OG0001106	XP_015436611.1	XP_017752757.1
OG0001107	XP_015430937.1, XP_015430936.1	XP_017754924.1, XP_017754925.1
OG0001108	XP_015430476.1	XP_017754928.1
OG0001109	XP_015430549.1	XP_017764160.1
OG0001110	XP_015437037.1	XP_017760751.1
OG0001111	XP_015432987.1	XP_017761134.1
OG0001112	XP_015435253.1	XP_017756774.1, XP_017756775.1
OG0001113	XP_015440030.1, XP_015440029.1	XP_017753680.1
OG0001114	XP_015431323.1	XP_017760047.1, XP_017760046.1
OG0001115	XP_015430909.1	XP_017764320.1
OG0001116	XP_015435142.1	XP_017753625.1
OG0001117	XP_015438541.1	XP_017759039.1
OG0001118	XP_015429117.1	XP_017754730.1
OG0001119	XP_015436536.1	XP_017758958.1
OG0001120	XP_015436692.1	XP_017763329.1
OG0001120	XP_015436699.1	XP_017763342.1, XP_017763348.1
OG0001121	XP_015432861.1	XP_017766061.1
OG0001122	XP_015433096.1	XP_017760821.1
OG0001123	XP_015437977.1	XP_017765779.1
OG0001124	XP_015438358.1	XP_017757848.1
OG0001125	XP_015429880.1	XP_017763868.1
OG0001126	XP_015429255.1	XP_017761760.1
OG0001127	XP_015438281.1	XP_017761583.1
OG0001127	XP_015438279.1	XP_017761563.1
OG0001128	XP_015429793.1	XP_017764374.1
OG0001128	XP_015430023.1	XP_017764372.1
OG0001129	XP_015431987.1	XP_017764033.1, XP_017764028.1
OG0001130	XP_015432310.1	XP_017764628.1
OG0001131	XP_015439208.1	XP_017758641.1
OG0001132	XP_015430844.1	XP_017757246.1
OG0001133	XP_015434384.1	XP_017753112.1
OG0001134	XP_015428627.1	XP_017766771.1, XP_017766772.1, XP_017766769.1
OG0001135	XP_015436846.1	XP_017753512.1
OG0001136	XP_015437447.1	XP_017755475.1
OG0001137	XP_015434120.1	XP_017754329.1
OG0001138	XP_015440516.1	XP_017761932.1, XP_017761930.1
OG0001140	XP_015431625.1	XP_017755999.1, XP_017755993.1
OG0001141	XP_015428712.1	XP_017759511.1
OG0001142	XP_015430391.1	XP_017764436.1
OG0001143	XP_015437639.1	XP_017767420.1
OG0001144	XP_015430181.1	XP_017758162.1
OG0001144	XP_015430186.1	XP_017758161.1
OG0001145	XP_015436145.1	XP_017758787.1
OG0001146	XP_015439721.1	XP_017753683.1
OG0001146	XP_015440143.1	XP_017755612.1, XP_017755614.1
OG0001147	XP_015429658.1	XP_017763352.1
OG0001148	XP_015435482.1	XP_017754836.1
OG0001149	XP_015437736.1	XP_017760953.1
OG0001150	XP_015431706.1, XP_015431705.1	XP_017763669.1, XP_017763671.1
OG0001151	XP_015435577.1	XP_017754799.1, XP_017754800.1, XP_017754801.1
OG0001152	XP_015428951.1	XP_017767458.1
OG0001153	XP_015431781.1	XP_017754569.1
OG0001154	XP_015434924.1	XP_017753874.1
OG0001154	XP_015434922.1	XP_017753872.1
OG0001155	XP_015429037.1	XP_017754754.1
OG0001156	XP_015438608.1	XP_017758483.1, XP_017758322.1
OG0001157	XP_015429042.1	XP_017753498.1
OG0001158	XP_015438264.1	XP_017753183.1
OG0001159	XP_015437279.1	XP_017762324.1
OG0001160	XP_015439543.1	XP_017759049.1
OG0001161	XP_015434186.1	XP_017760566.1
OG0001162	XP_015440107.1	XP_017753711.1
OG0001163	XP_015433801.1, XP_015433802.1	XP_017759418.1, XP_017759417.1
OG0001166	XP_015434509.1	XP_017757685.1, XP_017757689.1
OG0001167	XP_015431079.1	XP_017764147.1, XP_017764146.1, XP_017764145.1
OG0001168	XP_015440302.1	XP_017758246.1
OG0001169	XP_015434074.1	XP_017767154.1
OG0001170	XP_015440109.1	XP_017755657.1
OG0001172	XP_015440157.1	XP_017753684.1, XP_017753689.1
OG0001173	XP_015430095.1	XP_017759580.1
OG0001174	XP_015434999.1	XP_017755300.1
OG0001174	XP_015432220.1, XP_015432221.1	XP_017764214.1
OG0001175	XP_015437682.1	XP_017753158.1
OG0001176	XP_015428980.1	XP_017754757.1
OG0001177	XP_015437236.1	XP_017759032.1
OG0001178	XP_015432042.1	XP_017766482.1, XP_017766483.1, XP_017766480.1, XP_017766481.1
OG0001179	XP_015433439.1	XP_017758372.1, XP_017758373.1
OG0001180	XP_015434367.1, XP_015434364.1	XP_017763909.1, XP_017763913.1
OG0001181	XP_015431189.1, XP_015431190.1	XP_017764001.1
OG0001182	XP_015436546.1	XP_017764459.1
OG0001183	XP_015435918.1	XP_017767062.1
OG0001184	XP_015431102.1	XP_017759450.1
OG0001185	XP_015432093.1	XP_017758686.1
OG0001186	XP_015430528.1	XP_017754949.1
OG0001187	XP_015430468.1, XP_015430469.1	XP_017764517.1
OG0001188	XP_015431928.1	XP_017761224.1
OG0001189	XP_015430238.1	XP_017760632.1
OG0001190	XP_015437836.1	XP_017753030.1
OG0001191	XP_015434812.1	XP_017758050.1
OG0001193	XP_015430850.1	XP_017756327.1, XP_017756336.1
OG0001195	XP_015434567.1	XP_017762416.1
OG0001197	XP_015429122.1	XP_017753333.1
OG0001198	XP_015435697.1	XP_017763699.1, XP_017763700.1, XP_017763698.1
OG0001199	XP_015438166.1	XP_017755186.1
OG0001201	XP_015432185.1, XP_015432184.1, XP_015432183.1	XP_017761015.1
OG0001202	XP_015436552.1	XP_017763927.1
OG0001203	XP_015431891.1	XP_017761213.1
OG0001203	XP_015435254.1	XP_017754055.1
OG0001204	XP_015438592.1	XP_017765407.1
OG0001205	XP_015439419.1	XP_017763013.1
OG0001205	XP_015436179.1	XP_017756845.1
OG0001206	XP_015429839.1	XP_017759657.1
OG0001207	XP_015434630.1	XP_017756157.1
OG0001208	XP_015439996.1	XP_017757489.1
OG0001209	XP_015436787.1	XP_017766132.1
OG0001210	XP_015429511.1	XP_017763142.1
OG0001211	XP_015435190.1	XP_017763734.1
OG0001212	XP_015432821.1	XP_017766029.1
OG0001214	XP_015436578.1	XP_017760010.1
OG0001215	XP_015439104.1	XP_017759881.1
OG0001216	XP_015436801.1	XP_017753283.1, XP_017753284.1
OG0001217	XP_015428454.1	XP_017753596.1
OG0001218	XP_015432038.1	XP_017759553.1
OG0001219	XP_015432683.1, XP_015432684.1	XP_017762120.1, XP_017762121.1, XP_017762119.1, XP_017762117.1
OG0001220	XP_015432670.1	XP_017759901.1
OG0001222	XP_015437978.1	XP_017763009.1
OG0001223	XP_015432643.1	XP_017766310.1, XP_017766309.1
OG0001224	XP_015432729.1	XP_017760168.1, XP_017760187.1
OG0001225	XP_015437481.1	XP_017764531.1, XP_017764530.1
OG0001226	XP_015433780.1, XP_015433779.1	XP_017759255.1
OG0001228	XP_015437959.1, XP_015437956.1, XP_015437957.1, XP_015437958.1	XP_017758121.1
OG0001229	XP_015429715.1, XP_015429716.1	XP_017762846.1
OG0001230	XP_015439809.1, XP_015439808.1	XP_017763881.1, XP_017763882.1
OG0001231	XP_015428621.1	XP_017766783.1
OG0001231	XP_015428623.1	XP_017766533.1
OG0001232	XP_015437160.1	XP_017761056.1
OG0001233	XP_015431474.1	XP_017767029.1
OG0001234	XP_015437818.1	XP_017757803.1
OG0001236	XP_015433344.1, XP_015433343.1	XP_017755673.1
OG0001237	XP_015438822.1	XP_017760353.1
OG0001238	XP_015433532.1	XP_017763642.1
OG0001239	XP_015429453.1, XP_015429452.1	XP_017755578.1
OG0001240	XP_015438883.1, XP_015438882.1	XP_017761491.1
OG0001241	XP_015436535.1	XP_017758785.1, XP_017758777.1
OG0001244	XP_015437313.1	XP_017760748.1
OG0001245	XP_015430823.1	XP_017767578.1
OG0001246	XP_015431442.1	XP_017758275.1
OG0001247	XP_015438506.1	XP_017767403.1
OG0001248	XP_015431131.1	XP_017757977.1
OG0001249	XP_015429969.1	XP_017754397.1
OG0001250	XP_015430420.1	XP_017763630.1
OG0001251	XP_015439687.1	XP_017765768.1
OG0001252	XP_015439447.1	XP_017752846.1
OG0001253	XP_015436543.1	XP_017759024.1
OG0001254	XP_015433626.1	XP_017764954.1
OG0001255	XP_015437600.1	XP_017759092.1
OG0001256	XP_015437215.1	XP_017758934.1, XP_017758933.1
OG0001257	XP_015428710.1	XP_017759512.1
OG0001258	XP_015430648.1	XP_017756471.1
OG0001259	XP_015438736.1, XP_015438759.1	XP_017761965.1
OG0001260	XP_015434802.1	XP_017753894.1, XP_017753895.1
OG0001261	XP_015436130.1	XP_017756857.1
OG0001262	XP_015438742.1	XP_017763717.1
OG0001263	XP_015436360.1	XP_017755770.1
OG0001264	XP_015436315.1	XP_017755064.1, XP_017755060.1, XP_017755061.1, XP_017755062.1, XP_017755063.1
OG0001266	XP_015433275.1	XP_017755601.1
OG0001267	XP_015437512.1	XP_017756008.1
OG0001268	XP_015430584.1	XP_017755474.1
OG0001268	XP_015429366.1	XP_017767124.1
OG0001269	XP_015430000.1	XP_017752630.1
OG0001270	XP_015428931.1, XP_015428930.1, XP_015428932.1	XP_017767444.1, XP_017767443.1
OG0001271	XP_015434064.1	XP_017760538.1
OG0001272	XP_015429233.1	XP_017762607.1
OG0001273	XP_015440200.1, XP_015440199.1	XP_017763892.1
OG0001274	XP_015439823.1	XP_017757450.1
OG0001275	XP_015434895.1	XP_017753888.1
OG0001277	XP_015437104.1	XP_017757329.1
OG0001278	XP_015439344.1	XP_017752817.1, XP_017752818.1
OG0001280	XP_015435160.1	XP_017757730.1
OG0001281	XP_015436211.1	XP_017758893.1
OG0001282	XP_015428909.1, XP_015428908.1	XP_017767547.1
OG0001283	XP_015429429.1, XP_015429428.1	XP_017762698.1, XP_017762699.1
OG0001284	XP_015435944.1, XP_015435945.1	XP_017766999.1
OG0001286	XP_015431910.1	XP_017752649.1, XP_017752648.1, XP_017752651.1, XP_017752650.1, XP_017752654.1, XP_017752646.1, XP_017752652.1, XP_017752653.1
OG0001288	XP_015436739.1	XP_017756651.1
OG0001289	XP_015439418.1	XP_017754288.1
OG0001290	XP_015433178.1	XP_017752241.1
OG0001291	XP_015438650.1	XP_017752866.1
OG0001292	XP_015439215.1	XP_017753836.1
OG0001293	XP_015438430.1	XP_017756478.1, XP_017756477.1
OG0001294	XP_015437976.1	XP_017761845.1
OG0001295	XP_015436164.1	XP_017753974.1
OG0001298	XP_015436157.1	XP_017758815.1
OG0001299	XP_015438126.1	XP_017759829.1, XP_017759828.1
OG0001300	XP_015432681.1, XP_015432680.1	XP_017761048.1
OG0001301	XP_015437879.1	XP_017753627.1
OG0001302	XP_015432865.1	XP_017765983.1
OG0001302	XP_015432822.1	XP_017765970.1
OG0001303	XP_015429458.1	XP_017761306.1, XP_017761305.1
OG0001304	XP_015432495.1	XP_017765103.1, XP_017765104.1
OG0001305	XP_015434388.1	XP_017763749.1
OG0001305	XP_015434386.1	XP_017763740.1
OG0001306	XP_015438568.1	XP_017767510.1
OG0001306	XP_015438567.1	XP_017767507.1
OG0001307	XP_015439283.1	XP_017765806.1, XP_017755947.1
OG0001308	XP_015434718.1	XP_017762509.1
OG0001310	XP_015440120.1	XP_017755662.1
OG0001312	XP_015428775.1, XP_015428777.1, XP_015428776.1	XP_017759522.1, XP_017759523.1
OG0001313	XP_015433453.1	XP_017760231.1
OG0001313	XP_015433469.1	XP_017760246.1
OG0001314	XP_015434639.1	XP_017759938.1, XP_017759948.1
OG0001315	XP_015439125.1	XP_017757079.1
OG0001316	XP_015432954.1	XP_017761141.1
OG0001317	XP_015439318.1	XP_017753730.1
OG0001317	XP_015431735.1	XP_017763687.1
OG0001318	XP_015436273.1	XP_017755036.1
OG0001319	XP_015440328.1	XP_017767594.1, XP_017767595.1
OG0001320	XP_015430263.1	XP_017763319.1
OG0001321	XP_015437485.1	XP_017752532.1, XP_017752531.1
OG0001322	XP_015439957.1	XP_017767745.1, XP_017767744.1
OG0001323	XP_015429395.1	XP_017756623.1
OG0001323	XP_015429394.1	XP_017756611.1
OG0001324	XP_015437623.1	XP_017758227.1
OG0001328	XP_015438483.1	XP_017765380.1, XP_017765379.1, XP_017765381.1
OG0001329	XP_015434492.1, XP_015434493.1	XP_017765141.1
OG0001330	XP_015436922.1	XP_017760084.1
OG0001331	XP_015430431.1	XP_017761638.1
OG0001332	XP_015428837.1, XP_015428839.1, XP_015428838.1	XP_017759266.1
OG0001333	XP_015436045.1	XP_017755779.1
OG0001334	XP_015434048.1	XP_017755525.1
OG0001335	XP_015438515.1, XP_015438516.1	XP_017758150.1
OG0001336	XP_015437052.1	XP_017766979.1
OG0001337	XP_015436696.1	XP_017763157.1, XP_017763167.1
OG0001338	XP_015437333.1, XP_015437330.1, XP_015437332.1	XP_017760926.1
OG0001339	XP_015435924.1	XP_017752428.1, XP_017752429.1, XP_017752430.1
OG0001340	XP_015429725.1	XP_017765534.1, XP_017765533.1
OG0001341	XP_015438392.1, XP_015438393.1	XP_017758419.1
OG0001342	XP_015431438.1	XP_017756280.1, XP_017754627.1
OG0001343	XP_015439074.1	XP_017759887.1
OG0001343	XP_015434192.1	XP_017759393.1
OG0001344	XP_015436231.1	XP_017756908.1
OG0001345	XP_015440141.1	XP_017757449.1
OG0001346	XP_015433969.1	XP_017756311.1
OG0001347	XP_015439292.1	XP_017756778.1
OG0001348	XP_015430417.1	XP_017761641.1
OG0001349	XP_015434793.1	XP_017753826.1, XP_017753827.1
OG0001350	XP_015440292.1	XP_017757672.1
OG0001351	XP_015437973.1	XP_017761846.1
OG0001352	XP_015434609.1	XP_017756186.1, XP_017756187.1
OG0001353	XP_015433855.1	XP_017759250.1
OG0001354	XP_015439962.1	XP_017763889.1
OG0001355	XP_015434784.1	XP_017757783.1
OG0001356	XP_015432604.1	XP_017762245.1, XP_017762244.1
OG0001357	XP_015438207.1	XP_017753228.1
OG0001358	XP_015433112.1	XP_017763024.1
OG0001359	XP_015430299.1	XP_017764402.1
OG0001360	XP_015429427.1	XP_017762696.1
OG0001361	XP_015432652.1	XP_017762194.1
OG0001362	XP_015439867.1	XP_017753681.1
OG0001363	XP_015434313.1	XP_017752314.1
OG0001363	XP_015430014.1	XP_017763590.1
OG0001364	XP_015430718.1	XP_017757141.1, XP_017757142.1
OG0001365	XP_015437725.1	XP_017760678.1
OG0001366	XP_015433256.1	XP_017762964.1
OG0001366	XP_015433254.1	XP_017761375.1, XP_017764240.1, XP_017754568.1, XP_017763978.1
OG0001367	XP_015432524.1	XP_017759984.1
OG0001368	XP_015431180.1	XP_017759611.1
OG0001369	XP_015434405.1	XP_017763758.1
OG0001370	XP_015435813.1	XP_017763355.1
OG0001371	XP_015437147.1	XP_017766099.1, XP_017766100.1
OG0001372	XP_015433276.1	XP_017755581.1
OG0001373	XP_015436632.1	XP_017764445.1
OG0001374	XP_015434147.1	XP_017760626.1
OG0001375	XP_015435213.1	XP_017762914.1
OG0001375	XP_015435214.1	XP_017762913.1
OG0001376	XP_015431149.1	XP_017757954.1
OG0001377	XP_015436659.1, XP_015436660.1, XP_015436658.1	XP_017754364.1
OG0001378	XP_015429949.1	XP_017759669.1
OG0001379	XP_015436055.1	XP_017764081.1
OG0001380	XP_015429665.1	XP_017762347.1
OG0001381	XP_015430401.1	XP_017763595.1
OG0001382	XP_015437912.1	XP_017753653.1, XP_017753654.1
OG0001383	XP_015433838.1, XP_015433837.1	XP_017759982.1
OG0001384	XP_015436514.1	XP_017758831.1
OG0001385	XP_015439943.1	XP_017758729.1
OG0001386	XP_015433248.1	XP_017760536.1
OG0001387	XP_015440060.1	XP_017762035.1, XP_017762037.1
OG0001388	XP_015437021.1	XP_017760732.1
OG0001389	XP_015431036.1	XP_017761960.1
OG0001390	XP_015432331.1	XP_017766560.1
OG0001391	XP_015431342.1	XP_017762560.1
OG0001392	XP_015430121.1, XP_015430118.1	XP_017764296.1, XP_017764293.1
OG0001393	XP_015429416.1	XP_017762706.1
OG0001394	XP_015429256.1	XP_017763507.1
OG0001395	XP_015432409.1	XP_017766691.1, XP_017766687.1
OG0001396	XP_015435269.1	XP_017766073.1
OG0001397	XP_015431048.1	XP_017759609.1
OG0001398	XP_015429350.1	XP_017757284.1, XP_017757283.1
OG0001399	XP_015435265.1	XP_017754171.1, XP_017754172.1
OG0001400	XP_015437506.1	XP_017760497.1
OG0001401	XP_015433181.1	XP_017753798.1
OG0001402	XP_015437667.1	XP_017767447.1
OG0001403	XP_015436374.1	XP_017765652.1
OG0001404	XP_015437404.1	XP_017760903.1
OG0001405	XP_015431935.1	XP_017766949.1
OG0001406	XP_015431719.1	XP_017761098.1
OG0001407	XP_015438269.1, XP_015438268.1, XP_015438266.1	XP_017760890.1
OG0001408	XP_015439582.1	XP_017759170.1
OG0001409	XP_015432641.1	XP_017766302.1, XP_017766308.1, XP_017766305.1
OG0001410	XP_015435731.1	XP_017765486.1, XP_017755897.1
OG0001412	XP_015436904.1	XP_017765833.1
OG0001413	XP_015435120.1	XP_017763469.1
OG0001414	XP_015429749.1	XP_017763368.1, XP_017763367.1, XP_017763366.1
OG0001415	XP_015436505.1	XP_017753459.1
OG0001416	XP_015429431.1	XP_017756217.1
OG0001416	XP_015429419.1	XP_017760198.1
OG0001417	XP_015436553.1	XP_017758796.1
OG0001418	XP_015433093.1	XP_017764513.1
OG0001419	XP_015429751.1	XP_017763375.1
OG0001420	XP_015435045.1	XP_017762536.1
OG0001421	XP_015431980.1, XP_015431978.1	XP_017758330.1, XP_017758328.1
OG0001422	XP_015429923.1	XP_017754408.1, XP_017754409.1
OG0001423	XP_015432837.1	XP_017766027.1
OG0001424	XP_015438763.1	XP_017761320.1
OG0001425	XP_015432966.1	XP_017754057.1
OG0001426	XP_015428633.1	XP_017766791.1, XP_017766790.1, XP_017766789.1, XP_017766788.1, XP_017766792.1
OG0001427	XP_015435649.1	XP_017761887.1
OG0001428	XP_015440167.1	XP_017755325.1, XP_017755328.1, XP_017755327.1
OG0001429	XP_015436203.1	XP_017755795.1
OG0001433	XP_015433620.1	XP_017758980.1, XP_017758981.1
OG0001434	XP_015428560.1	XP_017754540.1
OG0001436	XP_015438908.1	XP_017759912.1
OG0001437	XP_015434663.1	XP_017761418.1
OG0001438	XP_015428846.1	XP_017759626.1
OG0001439	XP_015434986.1, XP_015434978.1, XP_015434953.1, XP_015434961.1, XP_015434969.1	XP_017763370.1
OG0001440	XP_015434309.1	XP_017752342.1
OG0001441	XP_015430893.1	XP_017764328.1
OG0001442	XP_015437034.1	XP_017760859.1
OG0001443	XP_015434954.1	XP_017756347.1
OG0001444	XP_015439769.1	XP_017763241.1
OG0001444	XP_015440091.1	XP_017755299.1
OG0001445	XP_015440249.1, XP_015440248.1	XP_017767740.1
OG0001446	XP_015437635.1	XP_017767505.1
OG0001448	XP_015430330.1	XP_017754678.1, XP_017754679.1
OG0001449	XP_015436016.1	XP_017756553.1
OG0001450	XP_015434899.1	XP_017761180.1
OG0001451	XP_015435526.1	XP_017754819.1, XP_017754818.1, XP_017754817.1
OG0001453	XP_015437629.1	XP_017753197.1, XP_017753196.1
OG0001455	XP_015433503.1	XP_017763637.1
OG0001456	XP_015432188.1	XP_017759747.1
OG0001457	XP_015431177.1	XP_017759608.1
OG0001458	XP_015434044.1	XP_017760601.1
OG0001459	XP_015437921.1, XP_015436986.1	XP_017753350.1
OG0001460	XP_015431866.1	XP_017755991.1
OG0001461	XP_015439639.1	XP_017757457.1
OG0001462	XP_015431158.1	XP_017759124.1
OG0001463	XP_015429965.1	XP_017754385.1
OG0001464	XP_015437158.1	XP_017760160.1
OG0001465	XP_015432347.1	XP_017759749.1
OG0001466	XP_015431946.1	XP_017756736.1, XP_017756880.1
OG0001467	XP_015434502.1	XP_017765138.1
OG0001468	XP_015437861.1	XP_017764233.1
OG0001469	XP_015440543.1	XP_017761902.1
OG0001470	XP_015434648.1	XP_017759624.1
OG0001471	XP_015435921.1	XP_017755440.1, XP_017755439.1
OG0001472	XP_015432615.1	XP_017766187.1
OG0001473	XP_015434009.1	XP_017756349.1
OG0001474	XP_015428929.1	XP_017767410.1
OG0001475	XP_015435318.1	XP_017754101.1
OG0001476	XP_015432216.1	XP_017752906.1
OG0001477	XP_015431434.1, XP_015431435.1, XP_015431436.1	XP_017766251.1, XP_017766252.1
OG0001478	XP_015438251.1, XP_015438252.1	XP_017753140.1
OG0001479	XP_015437416.1	XP_017762331.1
OG0001480	XP_015431709.1	XP_017761101.1
OG0001481	XP_015439635.1	XP_017757923.1, XP_017757922.1, XP_017757921.1
OG0001482	XP_015430392.1	XP_017764469.1
OG0001483	XP_015439415.1	XP_017764678.1
OG0001484	XP_015434069.1	XP_017760649.1
OG0001485	XP_015438628.1	XP_017752870.1
OG0001486	XP_015435498.1	XP_017754790.1
OG0001487	XP_015431378.1	XP_017766230.1
OG0001488	XP_015437449.1	XP_017758917.1
OG0001488	XP_015438396.1	XP_017758921.1
OG0001489	XP_015439314.1	XP_017762007.1, XP_017762006.1
OG0001490	XP_015433285.1	XP_017767672.1
OG0001491	XP_015439000.1, XP_015439001.1	XP_017760578.1, XP_017760579.1
OG0001492	XP_015430307.1	XP_017764410.1
OG0001493	XP_015428963.1, XP_015428964.1	XP_017767529.1, XP_017767531.1
OG0001494	XP_015432661.1	XP_017759665.1, XP_017761795.1
OG0001495	XP_015440321.1	XP_017767625.1
OG0001496	XP_015436755.1	XP_017764506.1
OG0001497	XP_015440537.1	XP_017763430.1
OG0001498	XP_015429415.1	XP_017760266.1
OG0001499	XP_015438685.1	XP_017753427.1
OG0001499	XP_015436304.1	XP_017764078.1
OG0001500	XP_015436279.1	XP_017755043.1
OG0001501	XP_015430049.1	XP_017762836.1
OG0001502	XP_015430048.1	XP_017762806.1
OG0001503	XP_015437335.1	XP_017760736.1
OG0001504	XP_015435853.1	XP_017755365.1
OG0001505	XP_015439805.1	XP_017755310.1
OG0001506	XP_015431921.1	XP_017759286.1
OG0001507	XP_015432505.1	XP_017758151.1
OG0001508	XP_015439520.1	XP_017759047.1
OG0001509	XP_015428744.1	XP_017759499.1
OG0001510	XP_015435496.1	XP_017761959.1
OG0001510	XP_015437806.1	XP_017762325.1
OG0001511	XP_015437500.1	XP_017762814.1
OG0001512	XP_015428685.1	XP_017755103.1
OG0001512	XP_015428808.1	XP_017755081.1
OG0001514	XP_015428567.1	XP_017764218.1, XP_017764217.1
OG0001515	XP_015437528.1	XP_017753282.1
OG0001516	XP_015437627.1	XP_017763820.1
OG0001517	XP_015436545.1	XP_017762483.1
OG0001518	XP_015434223.1	XP_017756219.1
OG0001519	XP_015435519.1, XP_015435520.1	XP_017754789.1
OG0001520	XP_015435016.1	XP_017756288.1
OG0001521	XP_015439954.1	XP_017752636.1
OG0001521	XP_015440055.1	XP_017752647.1
OG0001522	XP_015433647.1	XP_017765001.1
OG0001523	XP_015437892.1	XP_017752703.1
OG0001524	XP_015434310.1	XP_017762681.1
OG0001525	XP_015432476.1	XP_017753796.1
OG0001526	XP_015436158.1	XP_017756923.1
OG0001527	XP_015439538.1	XP_017756866.1, XP_017756865.1
OG0001529	XP_015437119.1	XP_017757336.1
OG0001530	XP_015432979.1	XP_017754040.1, XP_017754041.1, XP_017754042.1
OG0001531	XP_015440062.1	XP_017757528.1
OG0001532	XP_015435975.1	XP_017754297.1
OG0001533	XP_015431090.1	XP_017757893.1
OG0001534	XP_015432662.1	XP_017762184.1
OG0001535	XP_015432244.1	XP_017765727.1
OG0001536	XP_015430011.1	XP_017752631.1
OG0001537	XP_015432136.1	XP_017756128.1
OG0001538	XP_015436827.1	XP_017764264.1
OG0001539	XP_015432370.1	XP_017764641.1
OG0001540	XP_015435420.1	XP_017764661.1
OG0001541	XP_015436998.1	XP_017761035.1
OG0001542	XP_015431722.1	XP_017755216.1
OG0001543	XP_015435669.1	XP_017760035.1
OG0001545	XP_015435875.1	XP_017752308.1
OG0001546	XP_015433354.1, XP_015433353.1	XP_017767699.1
OG0001547	XP_015432142.1	XP_017756116.1
OG0001548	XP_015434231.1	XP_017765675.1
OG0001549	XP_015437075.1	XP_017762912.1, XP_017762911.1
OG0001550	XP_015432092.1	XP_017756522.1, XP_017756495.1
OG0001551	XP_015438298.1	XP_017753293.1, XP_017753287.1, XP_017753289.1, XP_017753294.1, XP_017753292.1, XP_017753286.1, XP_017753290.1, XP_017753291.1
OG0001552	XP_015431877.1	XP_017765484.1
OG0001553	XP_015429044.1	XP_017758661.1, XP_017758660.1, XP_017758659.1, XP_017758658.1
OG0001554	XP_015428484.1, XP_015428486.1	XP_017761029.1
OG0001555	XP_015439812.1, XP_015439813.1	XP_017755605.1
OG0001556	XP_015438024.1	XP_017766589.1
OG0001557	XP_015435555.1	XP_017754844.1
OG0001558	XP_015428717.1	XP_017759570.1
OG0001559	XP_015428702.1	XP_017755086.1
OG0001560	XP_015436376.1	XP_017761824.1
OG0001561	XP_015439299.1	XP_017762996.1
OG0001562	XP_015429885.1	XP_017759839.1
OG0001563	XP_015435621.1	XP_017753861.1
OG0001565	XP_015433425.1	XP_017758432.1, XP_017758431.1
OG0001567	XP_015439631.1	XP_017762421.1
OG0001568	XP_015433316.1	XP_017757468.1
OG0001569	XP_015439071.1	XP_017759896.1
OG0001570	XP_015437815.1	XP_017766275.1
OG0001571	XP_015437700.1, XP_015437699.1	XP_017757811.1, XP_017757812.1, XP_017757813.1
OG0001572	XP_015430130.1	XP_017765781.1, XP_017765780.1
OG0001573	XP_015432834.1	XP_017766030.1
OG0001574	XP_015432394.1	XP_017766634.1
OG0001575	XP_015439503.1	XP_017755712.1
OG0001576	XP_015434372.1	XP_017755963.1
OG0001577	XP_015429607.1	XP_017753933.1
OG0001578	XP_015436944.1	XP_017766319.1
OG0001579	XP_015431412.1	XP_017766242.1
OG0001580	XP_015437527.1	XP_017756269.1, XP_017756265.1
OG0001581	XP_015438371.1	XP_017757870.1
OG0001582	XP_015431451.1	XP_017752328.1
OG0001583	XP_015433149.1	XP_017753734.1
OG0001584	XP_015432894.1, XP_015432899.1	XP_017754014.1, XP_017754016.1
OG0001585	XP_015436728.1	XP_017752444.1
OG0001585	XP_015436709.1	XP_017752441.1
OG0001586	XP_015433972.1	XP_017756326.1
OG0001587	XP_015433861.1	XP_017765123.1
OG0001588	XP_015435512.1, XP_015435511.1	XP_017754884.1
OG0001589	XP_015440096.1	XP_017757481.1
OG0001590	XP_015434003.1	XP_017760242.1
OG0001591	XP_015435474.1	XP_017754902.1, XP_017754900.1, XP_017754898.1, XP_017754899.1, XP_017754897.1
OG0001592	XP_015429265.1	XP_017765453.1
OG0001593	XP_015433106.1	XP_017765071.1
OG0001594	XP_015436789.1	XP_017760183.1
OG0001595	XP_015438182.1	XP_017759837.1, XP_017759838.1
OG0001596	XP_015431088.1	XP_017762763.1
OG0001597	XP_015431840.1	XP_017754715.1
OG0001597	XP_015431384.1	XP_017754584.1
OG0001598	XP_015439698.1	XP_017765923.1
OG0001599	XP_015434948.1	XP_017756408.1, XP_017756407.1
OG0001600	XP_015436351.1	XP_017754958.1
OG0001601	XP_015435249.1	XP_017754165.1, XP_017754157.1
OG0001602	XP_015440039.1	XP_017761399.1
OG0001603	XP_015429993.1	XP_017753131.1
OG0001604	XP_015436125.1	XP_017758901.1, XP_017758903.1
OG0001605	XP_015439393.1, XP_015439451.1	XP_017764105.1
OG0001606	XP_015428502.1, XP_015428501.1, XP_015428503.1	XP_017763286.1
OG0001607	XP_015436955.1, XP_015436956.1	XP_017760123.1
OG0001608	XP_015438842.1	XP_017761482.1, XP_017761480.1
OG0001609	XP_015430390.1	XP_017753524.1
OG0001610	XP_015433751.1	XP_017763037.1
OG0001610	XP_015436984.1	XP_017766879.1
OG0001611	XP_015434653.1, XP_015434652.1	XP_017753554.1
OG0001612	XP_015435467.1	XP_017759262.1
OG0001614	XP_015433528.1	XP_017754529.1
OG0001615	XP_015435223.1	XP_017764935.1
OG0001616	XP_015438839.1	XP_017761466.1
OG0001617	XP_015431838.1	XP_017755975.1, XP_017755969.1
OG0001619	XP_015431862.1	XP_017753400.1
OG0001620	XP_015430444.1, XP_015430445.1, XP_015430443.1	XP_017764518.1, XP_017764519.1
OG0001621	XP_015439286.1	XP_017754496.1
OG0001622	XP_015431206.1	XP_017757970.1
OG0001623	XP_015431734.1	XP_017761094.1
OG0001624	XP_015438647.1, XP_015438646.1, XP_015438648.1	XP_017766541.1, XP_017766625.1
OG0001625	XP_015433451.1	XP_017758985.1
OG0001626	XP_015438493.1	XP_017764714.1
OG0001627	XP_015431522.1	XP_017759581.1
OG0001628	XP_015430846.1	XP_017757209.1
OG0001629	XP_015434445.1, XP_015434446.1	XP_017762481.1, XP_017762480.1
OG0001630	XP_015438562.1	XP_017765400.1
OG0001631	XP_015438863.1	XP_017760386.1, XP_017760383.1
OG0001632	XP_015439042.1	XP_017762889.1, XP_017762890.1
OG0001633	XP_015428659.1	XP_017766798.1
OG0001634	XP_015428428.1	XP_017753601.1
OG0001635	XP_015428476.1	XP_017753595.1
OG0001636	XP_015432545.1	XP_017755485.1
OG0001637	XP_015438471.1	XP_017758517.1
OG0001638	XP_015430142.1	XP_017753528.1
OG0001638	XP_015436694.1	XP_017753540.1
OG0001639	XP_015439029.1	XP_017767221.1, XP_017767222.1, XP_017767220.1
OG0001640	XP_015431082.1	XP_017752461.1
OG0001641	XP_015439784.1	XP_017753665.1
OG0001642	XP_015431984.1	XP_017766423.1
OG0001643	XP_015439008.1	XP_017763229.1
OG0001644	XP_015430397.1	XP_017761257.1
OG0001645	XP_015430949.1	XP_017764307.1
OG0001646	XP_015431656.1	XP_017766339.1
OG0001647	XP_015430219.1	XP_017759307.1
OG0001648	XP_015432949.1	XP_017754092.1
OG0001649	XP_015436244.1, XP_015436245.1	XP_017754651.1, XP_017754499.1, XP_017754574.1
OG0001650	XP_015431083.1	XP_017757914.1
OG0001651	XP_015438881.1	XP_017761487.1, XP_017761488.1, XP_017761490.1
OG0001652	XP_015429221.1	XP_017762622.1
OG0001653	XP_015435705.1	XP_017757704.1
OG0001654	XP_015434641.1	XP_017756092.1
OG0001655	XP_015437882.1	XP_017753209.1
OG0001656	XP_015435340.1	XP_017764215.1
OG0001657	XP_015437247.1	XP_017753268.1, XP_017753267.1, XP_017753269.1
OG0001658	XP_015430715.1, XP_015430714.1, XP_015430716.1	XP_017767207.1
OG0001659	XP_015432457.1	XP_017765105.1
OG0001660	XP_015438405.1	XP_017758922.1
OG0001661	XP_015431340.1	XP_017764131.1, XP_017764132.1
OG0001662	XP_015439420.1	XP_017765231.1
OG0001663	XP_015438569.1	XP_017756451.1
OG0001664	XP_015439931.1, XP_015439932.1	XP_017761351.1
OG0001665	XP_015438873.1	XP_017761496.1
OG0001666	XP_015431000.1, XP_015430992.1, XP_015430984.1	XP_017753192.1
OG0001667	XP_015440075.1	XP_017755242.1
OG0001668	XP_015439637.1	XP_017762420.1
OG0001669	XP_015428749.1	XP_017765749.1
OG0001670	XP_015432625.1	XP_017760237.1, XP_017760238.1
OG0001671	XP_015437645.1	XP_017759383.1
OG0001672	XP_015433859.1, XP_015433860.1, XP_015433858.1, XP_015433857.1	XP_017762492.1, XP_017762490.1, XP_017762491.1
OG0001673	XP_015435389.1	XP_017764841.1
OG0001674	XP_015435396.1	XP_017754048.1
OG0001675	XP_015434148.1	XP_017759347.1
OG0001676	XP_015436065.1	XP_017753315.1
OG0001677	XP_015437146.1	XP_017767775.1
OG0001678	XP_015429968.1	XP_017753352.1, XP_017753353.1
OG0001679	XP_015428407.1	XP_017761497.1
OG0001680	XP_015438640.1	XP_017761407.1
OG0001681	XP_015432354.1, XP_015432355.1	XP_017766594.1, XP_017766596.1
OG0001682	XP_015433709.1, XP_015433707.1	XP_017755769.1
OG0001683	XP_015436001.1	XP_017754253.1
OG0001684	XP_015433129.1	XP_017752134.1
OG0001685	XP_015434220.1	XP_017752369.1
OG0001686	XP_015434580.1	XP_017761307.1
OG0001687	XP_015428513.1	XP_017766513.1
OG0001688	XP_015438970.1	XP_017759903.1
OG0001689	XP_015428620.1	XP_017766782.1
OG0001690	XP_015434158.1	XP_017759401.1
OG0001691	XP_015434721.1, XP_015434720.1	XP_017752762.1, XP_017752761.1
OG0001693	XP_015435976.1	XP_017754267.1
OG0001694	XP_015429361.1	XP_017767028.1
OG0001695	XP_015432515.1	XP_017765096.1, XP_017765097.1, XP_017765098.1, XP_017765094.1, XP_017765095.1
OG0001696	XP_015430092.1	XP_017755693.1
OG0001697	XP_015432434.1	XP_017753829.1
OG0001699	XP_015435957.1	XP_017752266.1
OG0001700	XP_015434826.1	XP_017761179.1
OG0001701	XP_015433455.1	XP_017763828.1, XP_017763827.1
OG0001702	XP_015437088.1	XP_017763377.1
OG0001703	XP_015432536.1	XP_017766294.1
OG0001704	XP_015438712.1	XP_017753412.1
OG0001706	XP_015440142.1	XP_017767583.1
OG0001707	XP_015429567.1	XP_017759082.1
OG0001708	XP_015429635.1	XP_017752268.1
OG0001709	XP_015429365.1	XP_017757351.1
OG0001711	XP_015436935.1	XP_017760099.1
OG0001712	XP_015437609.1	XP_017752985.1
OG0001713	XP_015439138.1	XP_017766156.1
OG0001714	XP_015435175.1	XP_017754001.1, XP_017754010.1
OG0001714	XP_015435172.1	XP_017753981.1
OG0001715	XP_015432563.1	XP_017762924.1
OG0001716	XP_015432047.1	XP_017761083.1, XP_017761080.1
OG0001717	XP_015431723.1	XP_017766336.1
OG0001718	XP_015436538.1	XP_017753458.1
OG0001719	XP_015432932.1	XP_017761132.1, XP_017761131.1, XP_017761133.1
OG0001720	XP_015429615.1	XP_017761762.1
OG0001721	XP_015437587.1	XP_017752665.1
OG0001722	XP_015440203.1	XP_017763891.1
OG0001723	XP_015434811.1	XP_017761848.1
OG0001724	XP_015440037.1	XP_017757448.1, XP_017757447.1
OG0001725	XP_015430311.1	XP_017752192.1
OG0001726	XP_015433761.1	XP_017756693.1
OG0001727	XP_015431273.1	XP_017766181.1
OG0001728	XP_015432270.1	XP_017758701.1
OG0001728	XP_015432269.1	XP_017758700.1
OG0001729	XP_015428887.1	XP_017767515.1
OG0001730	XP_015439766.1, XP_015439728.1	XP_017765928.1
OG0001731	XP_015431999.1	XP_017756811.1
OG0001732	XP_015439971.1, XP_015439970.1	XP_017767650.1
OG0001733	XP_015430373.1	XP_017758262.1
OG0001734	XP_015430313.1	XP_017763592.1
OG0001735	XP_015434941.1	XP_017758137.1
OG0001736	XP_015431447.1	XP_017756067.1
OG0001737	XP_015429823.1	XP_017753173.1
OG0001738	XP_015431867.1	XP_017762686.1, XP_017762682.1
OG0001739	XP_015438547.1	XP_017758436.1
OG0001740	XP_015428911.1	XP_017767349.1, XP_017767345.1
OG0001741	XP_015431831.1	XP_017762688.1
OG0001742	XP_015430129.1	XP_017753956.1
OG0001743	XP_015432401.1	XP_017766811.1
OG0001744	XP_015434874.1	XP_017762061.1
OG0001745	XP_015440300.1	XP_017752481.1, XP_017752482.1
OG0001746	XP_015434739.1	XP_017752754.1
OG0001748	XP_015434989.1	XP_017756396.1
OG0001749	XP_015432799.1	XP_017753068.1
OG0001750	XP_015436339.1	XP_017755834.1
OG0001751	XP_015432211.1	XP_017766343.1
OG0001752	XP_015435309.1	XP_017757884.1, XP_017757885.1
OG0001753	XP_015438523.1	XP_017762936.1
OG0001754	XP_015435270.1	XP_017765981.1
OG0001755	XP_015432309.1	XP_017764627.1
OG0001756	XP_015429979.1	XP_017764896.1
OG0001758	XP_015433380.1	XP_017767662.1
OG0001759	XP_015429172.1	XP_017754749.1
OG0001760	XP_015440407.1	XP_017758198.1
OG0001762	XP_015431370.1	XP_017766221.1
OG0001763	XP_015437324.1, XP_015437323.1, XP_015437322.1	XP_017760813.1
OG0001764	XP_015439710.1	XP_017757505.1
OG0001765	XP_015434686.1, XP_015434687.1	XP_017756189.1, XP_017756190.1, XP_017756188.1, XP_017756191.1
OG0001766	XP_015435671.1, XP_015435673.1	XP_017765570.1
OG0001767	XP_015439782.1	XP_017755336.1, XP_017755333.1, XP_017755335.1
OG0001768	XP_015438481.1	XP_017757774.1
OG0001769	XP_015429680.1	XP_017763115.1
OG0001771	XP_015439651.1	XP_017757404.1
OG0001772	XP_015438163.1	XP_017753487.1, XP_017753486.1
OG0001773	XP_015428430.1	XP_017763285.1
OG0001773	XP_015428418.1	XP_017754603.1
OG0001774	XP_015436743.1, XP_015436744.1	XP_017756656.1
OG0001775	XP_015430270.1, XP_015430269.1	XP_017754657.1
OG0001776	XP_015434581.1	XP_017766284.1
OG0001777	XP_015437651.1	XP_017767342.1
OG0001778	XP_015439889.1	XP_017755617.1, XP_017755616.1
OG0001779	XP_015438578.1, XP_015438577.1	XP_017759610.1
OG0001780	XP_015439263.1	XP_017761568.1
OG0001781	XP_015436361.1	XP_017755836.1
OG0001782	XP_015429980.1	XP_017763846.1
OG0001783	XP_015429903.1	XP_017756971.1
OG0001784	XP_015428693.1	XP_017759486.1, XP_017759575.1
OG0001785	XP_015438089.1	XP_017758618.1
OG0001786	XP_015430050.1, XP_015430059.1	XP_017765430.1
OG0001787	XP_015439588.1	XP_017767485.1
OG0001788	XP_015432875.1	XP_017766022.1
OG0001789	XP_015439821.1	XP_017757494.1
OG0001790	XP_015433136.1	XP_017752217.1
OG0001791	XP_015429175.1, XP_015429176.1	XP_017765719.1
OG0001792	XP_015434645.1	XP_017764023.1
OG0001793	XP_015436780.1	XP_017758927.1
OG0001794	XP_015428968.1	XP_017765692.1
OG0001795	XP_015439788.1	XP_017761376.1
OG0001796	XP_015432675.1	XP_017762082.1
OG0001797	XP_015433387.1	XP_017755615.1
OG0001799	XP_015430852.1	XP_017755869.1
OG0001800	XP_015430278.1	XP_017762567.1
OG0001801	XP_015437812.1	XP_017766270.1
OG0001802	XP_015433996.1	XP_017756335.1
OG0001803	XP_015430776.1	XP_017757247.1
OG0001804	XP_015440056.1	XP_017761361.1
OG0001805	XP_015434025.1	XP_017759293.1
OG0001806	XP_015434909.1	XP_017757716.1
OG0001807	XP_015429156.1	XP_017764251.1
OG0001808	XP_015435021.1	XP_017756341.1
OG0001810	XP_015429544.1	XP_017761764.1, XP_017761747.1
OG0001811	XP_015433639.1	XP_017764919.1
OG0001812	XP_015435802.1, XP_015435803.1, XP_015435804.1	XP_017767010.1
OG0001813	XP_015430989.1	XP_017764316.1
OG0001814	XP_015429721.1	XP_017767609.1
OG0001815	XP_015438604.1	XP_017758576.1
OG0001816	XP_015436134.1	XP_017758841.1
OG0001817	XP_015438622.1	XP_017761405.1
OG0001818	XP_015433781.1	XP_017757910.1
OG0001819	XP_015430621.1	XP_017767134.1
OG0001820	XP_015431087.1	XP_017762758.1, XP_017762759.1
OG0001821	XP_015430084.1	XP_017755699.1
OG0001822	XP_015439384.1	XP_017754282.1
OG0001823	XP_015434884.1	XP_017753747.1
OG0001824	XP_015437276.1	XP_017759760.1
OG0001825	XP_015434949.1	XP_017756412.1
OG0001826	XP_015429915.1	XP_017754378.1
OG0001827	XP_015439870.1	XP_017757601.1
OG0001828	XP_015429898.1	XP_017763861.1
OG0001829	XP_015436324.1	XP_017755812.1
OG0001830	XP_015433385.1	XP_017767728.1
OG0001831	XP_015439064.1	XP_017756799.1
OG0001832	XP_015433224.1	XP_017765238.1
OG0001833	XP_015440389.1	XP_017752144.1
OG0001834	XP_015440453.1	XP_017766983.1
OG0001835	XP_015435898.1	XP_017752364.1
OG0001837	XP_015437382.1	XP_017760780.1
OG0001838	XP_015432627.1	XP_017758454.1
OG0001839	XP_015428796.1	XP_017765802.1
OG0001840	XP_015433376.1	XP_017767725.1
OG0001841	XP_015440226.1	XP_017755592.1
OG0001842	XP_015431899.1	XP_017759743.1
OG0001843	XP_015436196.1	XP_017756903.1
OG0001844	XP_015434159.1	XP_017759330.1, XP_017759332.1
OG0001845	XP_015430548.1, XP_015430547.1	XP_017764185.1
OG0001846	XP_015439994.1	XP_017757495.1
OG0001847	XP_015438674.1, XP_015438673.1	XP_017753418.1
OG0001848	XP_015438236.1	XP_017753313.1
OG0001849	XP_015435117.1, XP_015435116.1	XP_017763477.1
OG0001851	XP_015432666.1	XP_017762135.1
OG0001852	XP_015437348.1	XP_017760950.1
OG0001853	XP_015434447.1	XP_017764241.1
OG0001854	XP_015432691.1	XP_017762216.1
OG0001855	XP_015437570.1	XP_017764305.1, XP_017764289.1
OG0001856	XP_015439519.1	XP_017758890.1
OG0001857	XP_015436238.1	XP_017754770.1, XP_017754847.1
OG0001858	XP_015432338.1	XP_017766853.1, XP_017766852.1
OG0001859	XP_015433623.1	XP_017766658.1
OG0001860	XP_015435415.1	XP_017754325.1
OG0001861	XP_015433347.1	XP_017757479.1
OG0001862	XP_015437814.1	XP_017766276.1
OG0001863	XP_015437511.1	XP_017764527.1, XP_017764528.1, XP_017764526.1
OG0001864	XP_015434760.1	XP_017757737.1
OG0001865	XP_015429962.1	XP_017754393.1
OG0001866	XP_015434128.1	XP_017759395.1, XP_017759394.1, XP_017759397.1
OG0001867	XP_015433252.1	XP_017762954.1
OG0001868	XP_015440460.1, XP_015440462.1	XP_017763386.1
OG0001869	XP_015432523.1	XP_017753907.1
OG0001870	XP_015436774.1	XP_017760174.1
OG0001871	XP_015432021.1	XP_017764027.1
OG0001872	XP_015428698.1	XP_017755107.1
OG0001873	XP_015429243.1	XP_017763459.1
OG0001874	XP_015431168.1	XP_017763987.1
OG0001875	XP_015434901.1	XP_017752712.1
OG0001876	XP_015431834.1	XP_017762084.1
OG0001878	XP_015432672.1	XP_017759633.1
OG0001879	XP_015432569.1	XP_017764812.1
OG0001880	XP_015429293.1	XP_017760311.1
OG0001881	XP_015432054.1	XP_017761719.1
OG0001882	XP_015434015.1	XP_017756378.1
OG0001883	XP_015438160.1	XP_017756989.1
OG0001884	XP_015435161.1	XP_017757806.1
OG0001885	XP_015433202.1	XP_017752385.1
OG0001886	XP_015430845.1	XP_017757213.1
OG0001887	XP_015430843.1	XP_017765937.1
OG0001888	XP_015430204.1	XP_017761511.1
OG0001889	XP_015438148.1, XP_015438141.1	XP_017753220.1
OG0001890	XP_015434060.1	XP_017767277.1
OG0001891	XP_015440036.1	XP_017767743.1, XP_017767742.1
OG0001892	XP_015440072.1, XP_015440073.1	XP_017755307.1
OG0001893	XP_015430593.1	XP_017758503.1
OG0001894	XP_015430055.1, XP_015430053.1, XP_015430052.1, XP_015430054.1, XP_015430056.1, XP_015430051.1	XP_017764916.1
OG0001895	XP_015439234.1	XP_017761569.1
OG0001896	XP_015438399.1	XP_017758410.1
OG0001897	XP_015432138.1	XP_017756107.1
OG0001898	XP_015434801.1	XP_017754421.1
OG0001899	XP_015437370.1	XP_017760740.1
OG0001900	XP_015435107.1	XP_017760473.1
OG0001901	XP_015437320.1	XP_017760816.1
OG0001902	XP_015435627.1	XP_017764962.1
OG0001903	XP_015429925.1	XP_017767604.1
OG0001905	XP_015433269.1	XP_017757413.1
OG0001906	XP_015438434.1	XP_017758481.1, XP_017758289.1
OG0001907	XP_015433560.1	XP_017760457.1
OG0001908	XP_015437153.1	XP_017767761.1, XP_017767762.1
OG0001910	XP_015433997.1	XP_017762727.1
OG0001913	XP_015431486.1	XP_017767082.1
OG0001914	XP_015431801.1	XP_017765462.1
OG0001915	XP_015433363.1	XP_017757476.1
OG0001916	XP_015428552.1	XP_017765014.1
OG0001917	XP_015431859.1	XP_017760991.1, XP_017760989.1
OG0001919	XP_015435780.1	XP_017767106.1
OG0001920	XP_015438499.1	XP_017767432.1
OG0001921	XP_015433952.1	XP_017763586.1
OG0001922	XP_015433698.1, XP_015433700.1	XP_017767074.1
OG0001923	XP_015434670.1	XP_017762230.1
OG0001924	XP_015431830.1	XP_017753378.1
OG0001925	XP_015440515.1	XP_017761061.1
OG0001926	XP_015437501.1	XP_017756010.1, XP_017756011.1, XP_017756013.1, XP_017756014.1
OG0001927	XP_015432693.1	XP_017762217.1
OG0001928	XP_015431266.1	XP_017763555.1
OG0001929	XP_015438534.1	XP_017758422.1
OG0001930	XP_015437649.1	XP_017767356.1
OG0001931	XP_015429157.1	XP_017765319.1
OG0001933	XP_015429918.1	XP_017764880.1
OG0001934	XP_015434258.1	XP_017752418.1, XP_017752417.1, XP_017752416.1, XP_017752415.1, XP_017752419.1
OG0001935	XP_015429168.1	XP_017764257.1, XP_017764256.1
OG0001936	XP_015437464.1	XP_017756033.1
OG0001937	XP_015436344.1	XP_017755817.1
OG0001938	XP_015433114.1	XP_017755683.1
OG0001939	XP_015431077.1, XP_015431078.1	XP_017757878.1
OG0001940	XP_015429924.1	XP_017757009.1
OG0001941	XP_015435926.1	XP_017762381.1
OG0001942	XP_015438645.1	XP_017752914.1
OG0001943	XP_015436752.1, XP_015436751.1, XP_015436753.1	XP_017766281.1
OG0001944	XP_015435375.1	XP_017764539.1
OG0001945	XP_015428388.1	XP_017754047.1
OG0001946	XP_015437315.1	XP_017760758.1, XP_017760756.1, XP_017760757.1
OG0001947	XP_015438019.1	XP_017762450.1
OG0001948	XP_015429103.1	XP_017762965.1
OG0001949	XP_015433773.1	XP_017752502.1
OG0001950	XP_015435899.1	XP_017755402.1
OG0001951	XP_015429402.1, XP_015429403.1	XP_017756638.1
OG0001952	XP_015430425.1	XP_017761211.1, XP_017761210.1
OG0001953	XP_015428771.1	XP_017765746.1
OG0001953	XP_015428678.1	XP_017755082.1
OG0001954	XP_015434626.1	XP_017756097.1
OG0001955	XP_015429480.1	XP_017757643.1
OG0001956	XP_015438312.1	XP_017753105.1
OG0001957	XP_015434239.1	XP_017766185.1
OG0001959	XP_015440131.1	XP_017757533.1, XP_017757534.1
OG0001960	XP_015434783.1	XP_017757784.1
OG0001961	XP_015434371.1	XP_017752378.1, XP_017752377.1, XP_017752376.1
OG0001962	XP_015432289.1	XP_017766862.1
OG0001963	XP_015435997.1	XP_017754260.1
OG0001964	XP_015440087.1	XP_017760597.1
OG0001965	XP_015436287.1	XP_017762781.1
OG0001966	XP_015434083.1	XP_017759308.1
OG0001967	XP_015440162.1	XP_017755508.1, XP_017755509.1
OG0001969	XP_015436563.1	XP_017759640.1
OG0001970	XP_015439033.1	XP_017759951.1
OG0001971	XP_015436775.1	XP_017766134.1
OG0001973	XP_015436237.1, XP_015436235.1	XP_017756938.1
OG0001974	XP_015431561.1	XP_017755388.1
OG0001975	XP_015431855.1	XP_017755986.1, XP_017755984.1
OG0001976	XP_015434488.1	XP_017757123.1
OG0001977	XP_015434406.1	XP_017763738.1
OG0001978	XP_015440193.1	XP_017756773.1
OG0001980	XP_015432255.1	XP_017761036.1
OG0001981	XP_015436123.1	XP_017755033.1
OG0001982	XP_015434584.1	XP_017758684.1
OG0001984	XP_015431637.1	XP_017755957.1
OG0001987	XP_015432385.1	XP_017766719.1, XP_017766718.1, XP_017766720.1
OG0001988	XP_015436771.1	XP_017753324.1
OG0001989	XP_015435807.1	XP_017752320.1, XP_017752319.1
OG0001991	XP_015440304.1	XP_017760145.1, XP_017760144.1
OG0001992	XP_015429340.1	XP_017764860.1
OG0001993	XP_015428785.1	XP_017755146.1
OG0001994	XP_015429597.1	XP_017763139.1
OG0001995	XP_015429226.1	XP_017761753.1
OG0001996	XP_015428730.1	XP_017755075.1
OG0001997	XP_015433227.1	XP_017752289.1
OG0001998	XP_015431729.1	XP_017758605.1
OG0001999	XP_015429728.1	XP_017767582.1
OG0002000	XP_015428703.1	XP_017759545.1
OG0002001	XP_015438325.1	XP_017755894.1
OG0002002	XP_015438333.1	XP_017755889.1
OG0002004	XP_015431663.1	XP_017761106.1
OG0002005	XP_015429376.1	XP_017757315.1
OG0002006	XP_015435248.1	XP_017759628.1
OG0002007	XP_015440384.1	XP_017767759.1
OG0002009	XP_015439786.1	XP_017753666.1, XP_017753669.1, XP_017753668.1
OG0002010	XP_015429577.1, XP_015429576.1	XP_017752695.1
OG0002011	XP_015428658.1	XP_017766231.1
OG0002012	XP_015432233.1	XP_017766388.1
OG0002013	XP_015429604.1	XP_017763091.1
OG0002014	XP_015428636.1	XP_017766694.1
OG0002015	XP_015439998.1	XP_017755655.1
OG0002016	XP_015431553.1	XP_017766359.1
OG0002017	XP_015439321.1	XP_017765206.1
OG0002018	XP_015430276.1	XP_017754613.1, XP_017754612.1
OG0002019	XP_015437340.1	XP_017760760.1
OG0002020	XP_015440318.1	XP_017767599.1
OG0002021	XP_015429432.1	XP_017762697.1
OG0002022	XP_015429006.1	XP_017765315.1
OG0002023	XP_015432377.1	XP_017766536.1
OG0002024	XP_015440343.1	XP_017767611.1
OG0002025	XP_015430739.1	XP_017757131.1
OG0002026	XP_015429711.1	XP_017765553.1
OG0002027	XP_015432685.1	XP_017762169.1
OG0002028	XP_015437763.1	XP_017753177.1
OG0002029	XP_015430331.1	XP_017754661.1
OG0002030	XP_015434920.1	XP_017762052.1
OG0002032	XP_015439664.1	XP_017758759.1
OG0002035	XP_015433446.1	XP_017760243.1
OG0002036	XP_015438130.1, XP_015437272.1, XP_015438033.1	XP_017759696.1
OG0002037	XP_015435366.1	XP_017754054.1
OG0002038	XP_015433516.1	XP_017754470.1
OG0002039	XP_015439062.1	XP_017765511.1, XP_017765512.1
OG0002040	XP_015434183.1	XP_017760605.1
OG0002041	XP_015432217.1	XP_017763990.1
OG0002042	XP_015431128.1	XP_017757959.1
OG0002043	XP_015435121.1, XP_015435122.1, XP_015435123.1	XP_017752282.1, XP_017752256.1
OG0002044	XP_015435587.1	XP_017752860.1
OG0002045	XP_015440409.1	XP_017757902.1
OG0002047	XP_015431129.1	XP_017755727.1
OG0002048	XP_015430813.1	XP_017757250.1
OG0002049	XP_015434462.1	XP_017763150.1
OG0002050	XP_015438174.1	XP_017753232.1, XP_017753233.1, XP_017753231.1, XP_017753230.1
OG0002051	XP_015429040.1	XP_017754517.1, XP_017754473.1
OG0002052	XP_015431130.1	XP_017759150.1
OG0002053	XP_015437425.1	XP_017761246.1
OG0002054	XP_015439123.1	XP_017759935.1
OG0002055	XP_015428884.1	XP_017767449.1
OG0002056	XP_015440299.1	XP_017760142.1, XP_017760141.1
OG0002057	XP_015439036.1	XP_017759866.1
OG0002058	XP_015437039.1	XP_017766985.1
OG0002059	XP_015430239.1	XP_017760572.1
OG0002060	XP_015434441.1	XP_017752975.1
OG0002061	XP_015434244.1, XP_015434246.1, XP_015434247.1, XP_015434245.1, XP_015434243.1, XP_015434242.1	XP_017752436.1, XP_017752438.1, XP_017752437.1, XP_017752440.1, XP_017752439.1
OG0002062	XP_015435747.1	XP_017757107.1
OG0002063	XP_015438450.1	XP_017757613.1
OG0002064	XP_015432344.1	XP_017766552.1
OG0002065	XP_015439259.1	XP_017767275.1
OG0002066	XP_015437972.1	XP_017758096.1
OG0002067	XP_015430264.1	XP_017752193.1
OG0002068	XP_015435020.1	XP_017753626.1
OG0002069	XP_015429548.1	XP_017760314.1
OG0002070	XP_015435012.1	XP_017755240.1, XP_017755233.1
OG0002071	XP_015436909.1	XP_017761158.1
OG0002072	XP_015439529.1	XP_017756922.1
OG0002073	XP_015428800.1	XP_017759529.1
OG0002074	XP_015439348.1	XP_017765211.1
OG0002075	XP_015440046.1	XP_017761371.1
OG0002076	XP_015430892.1	XP_017756261.1
OG0002077	XP_015428603.1	XP_017765013.1
OG0002078	XP_015435581.1	XP_017761900.1
OG0002079	XP_015436724.1	XP_017752475.1
OG0002080	XP_015431532.1	XP_017752411.1
OG0002081	XP_015433498.1	XP_017752559.1
OG0002082	XP_015431985.1	XP_017756854.1
OG0002083	XP_015431353.1, XP_015431352.1	XP_017761027.1
OG0002084	XP_015431455.1	XP_017766997.1
OG0002085	XP_015438753.1, XP_015438752.1	XP_017763727.1
OG0002086	XP_015431400.1	XP_017766239.1
OG0002087	XP_015430259.1	XP_017754635.1
OG0002088	XP_015438486.1	XP_017758462.1
OG0002089	XP_015430227.1	XP_017761526.1
OG0002090	XP_015437329.1	XP_017760923.1
OG0002091	XP_015434463.1	XP_017763140.1
OG0002092	XP_015430289.1	XP_017763315.1
OG0002095	XP_015435701.1, XP_015435700.1	XP_017767606.1
OG0002096	XP_015436285.1	XP_017756847.1, XP_017756848.1, XP_017756849.1
OG0002097	XP_015430144.1, XP_015430143.1	XP_017756237.1
OG0002098	XP_015433809.1, XP_015433808.1, XP_015433806.1, XP_015433807.1	XP_017759237.1
OG0002099	XP_015431050.1	XP_017755026.1
OG0002100	XP_015438357.1	XP_017757543.1, XP_017758365.1
OG0002101	XP_015440368.1	XP_017766163.1
OG0002102	XP_015440104.1	XP_017760478.1
OG0002103	XP_015434508.1	XP_017763770.1
OG0002104	XP_015433272.1	XP_017757412.1
OG0002105	XP_015437195.1	XP_017766097.1
OG0002106	XP_015429311.1	XP_017755462.1
OG0002107	XP_015435920.1	XP_017763711.1
OG0002108	XP_015434928.1	XP_017752804.1
OG0002109	XP_015432154.1	XP_017761008.1, XP_017761009.1
OG0002110	XP_015435235.1	XP_017757815.1
OG0002111	XP_015428944.1	XP_017767451.1
OG0002113	XP_015438364.1	XP_017758370.1, XP_017757979.1
OG0002114	XP_015439958.1	XP_017753662.1
OG0002115	XP_015438017.1	XP_017760245.1
OG0002116	XP_015433092.1	XP_017764509.1
OG0002117	XP_015430662.1	XP_017757255.1
OG0002118	XP_015436352.1	XP_017756942.1
OG0002119	XP_015440386.1	XP_017766154.1, XP_017766153.1
OG0002120	XP_015435528.1	XP_017754827.1
OG0002121	XP_015439802.1	XP_017761119.1
OG0002122	XP_015436052.1	XP_017764050.1
OG0002123	XP_015432957.1	XP_017764665.1
OG0002124	XP_015430383.1	XP_017764429.1, XP_017764430.1
OG0002125	XP_015430544.1	XP_017761662.1
OG0002126	XP_015430531.1	XP_017759074.1
OG0002127	XP_015429162.1	XP_017765725.1
OG0002128	XP_015436515.1	XP_017758879.1
OG0002129	XP_015431368.1	XP_017767584.1
OG0002130	XP_015430496.1	XP_017759055.1, XP_017759054.1
OG0002131	XP_015430393.1	XP_017754640.1
OG0002132	XP_015434077.1	XP_017759411.1
OG0002134	XP_015432070.1	XP_017758644.1, XP_017761974.1
OG0002136	XP_015440494.1	XP_017763437.1
OG0002137	XP_015428478.1	XP_017762124.1
OG0002138	XP_015433157.1	XP_017758106.1, XP_017758107.1
OG0002139	XP_015431257.1	XP_017756475.1
OG0002140	XP_015431932.1	XP_017766910.1
OG0002141	XP_015439454.1	XP_017754310.1
OG0002142	XP_015436683.1	XP_017763258.1
OG0002143	XP_015431907.1	XP_017766945.1
OG0002144	XP_015438907.1	XP_017755009.1
OG0002145	XP_015429736.1	XP_017762839.1
OG0002146	XP_015438616.1	XP_017753420.1
OG0002147	XP_015429077.1	XP_017765728.1
OG0002148	XP_015435901.1	XP_017757379.1, XP_017757378.1
OG0002149	XP_015439222.1	XP_017763227.1
OG0002150	XP_015437347.1	XP_017760754.1
OG0002151	XP_015438717.1	XP_017752881.1
OG0002152	XP_015438969.1	XP_017753679.1
OG0002153	XP_015440458.1	XP_017754308.1
OG0002154	XP_015439562.1	XP_017767439.1
OG0002156	XP_015438728.1	XP_017761426.1
OG0002156	XP_015440411.1	XP_017756721.1
OG0002157	XP_015429945.1	XP_017764898.1
OG0002158	XP_015434838.1	XP_017753903.1
OG0002159	XP_015432224.1	XP_017756146.1
OG0002160	XP_015437542.1	XP_017755570.1
OG0002161	XP_015440323.1	XP_017767552.1
OG0002162	XP_015439661.1	XP_017757621.1
OG0002163	XP_015429344.1	XP_017767026.1
OG0002164	XP_015436471.1	XP_017759356.1
OG0002165	XP_015438293.1, XP_015438294.1	XP_017753265.1, XP_017753263.1
OG0002166	XP_015431845.1, XP_015431844.1	XP_017755988.1
OG0002168	XP_015433995.1	XP_017756391.1, XP_017756392.1
OG0002169	XP_015429566.1	XP_017761752.1
OG0002170	XP_015439563.1	XP_017767370.1
OG0002171	XP_015428893.1	XP_017764741.1
OG0002172	XP_015433975.1	XP_017765741.1, XP_017765740.1, XP_017765739.1
OG0002173	XP_015438332.1	XP_017755901.1
OG0002174	XP_015438339.1	XP_017765293.1
OG0002175	XP_015428547.1	XP_017753363.1
OG0002177	XP_015429619.1	XP_017760286.1
OG0002178	XP_015438887.1	XP_017758487.1
OG0002179	XP_015430430.1	XP_017764207.1
OG0002180	XP_015435352.1	XP_017754059.1
OG0002181	XP_015438789.1	XP_017760400.1, XP_017760390.1
OG0002182	XP_015432466.1	XP_017766352.1
OG0002183	XP_015433278.1, XP_015433279.1	XP_017755676.1
OG0002184	XP_015440252.1	XP_017757501.1
OG0002185	XP_015435756.1	XP_017756035.1
OG0002186	XP_015429833.1	XP_017763854.1
OG0002186	XP_015429888.1	XP_017753402.1
OG0002187	XP_015430704.1	XP_017762849.1
OG0002188	XP_015437143.1	XP_017763578.1
OG0002190	XP_015430414.1	XP_017761664.1
OG0002191	XP_015436770.1, XP_015436769.1	XP_017758923.1
OG0002192	XP_015440066.1	XP_017755628.1
OG0002193	XP_015434176.1	XP_017759337.1
OG0002194	XP_015434431.1	XP_017763741.1
OG0002195	XP_015440333.1	XP_017767567.1
OG0002196	XP_015434208.1	XP_017760622.1
OG0002197	XP_015439774.1	XP_017755308.1
OG0002198	XP_015439829.1	XP_017752555.1
OG0002198	XP_015439162.1	XP_017754544.1
OG0002199	XP_015431954.1	XP_017761731.1
OG0002200	XP_015435948.1	XP_017752252.1
OG0002201	XP_015438946.1	XP_017760545.1
OG0002202	XP_015439759.1	XP_017761112.1
OG0002203	XP_015435271.1	XP_017764650.1
OG0002204	XP_015433290.1	XP_017767667.1
OG0002205	XP_015437421.1	XP_017762220.1
OG0002206	XP_015435206.1	XP_017763733.1
OG0002208	XP_015437612.1	XP_017753017.1
OG0002209	XP_015432209.1	XP_017761412.1
OG0002211	XP_015438851.1	XP_017760691.1
OG0002212	XP_015436100.1	XP_017755843.1
OG0002213	XP_015430991.1	XP_017752445.1
OG0002214	XP_015437560.1	XP_017758931.1
OG0002215	XP_015439908.1	XP_017755252.1
OG0002217	XP_015429316.1	XP_017757269.1
OG0002218	XP_015432226.1	XP_017756587.1
OG0002219	XP_015436322.1	XP_017759530.1
OG0002220	XP_015439861.1	XP_017755286.1
OG0002221	XP_015436577.1	XP_017758865.1, XP_017758854.1
OG0002222	XP_015431411.1	XP_017760510.1
OG0002223	XP_015436837.1	XP_017762589.1
OG0002224	XP_015430067.1	XP_017763119.1
OG0002225	XP_015432333.1	XP_017766495.1
OG0002226	XP_015436856.1	XP_017752996.1
OG0002227	XP_015439442.1	XP_017753800.1
OG0002228	XP_015432287.1	XP_017762635.1, XP_017762636.1, XP_017762633.1, XP_017762634.1, XP_017762632.1, XP_017762637.1
OG0002229	XP_015437352.1, XP_015437354.1	XP_017760820.1
OG0002230	XP_015434504.1	XP_017763775.1
OG0002231	XP_015439532.1, XP_015433009.1	XP_017761137.1
OG0002236	XP_015434106.1	XP_017761542.1
OG0002237	XP_015440334.1	XP_017767570.1
OG0002238	XP_015437601.1	XP_017760070.1
OG0002239	XP_015435771.1	XP_017755395.1
OG0002241	XP_015439336.1	XP_017765220.1
OG0002242	XP_015433841.1	XP_017759988.1
OG0002243	XP_015435185.1	XP_017763787.1
OG0002244	XP_015439633.1	XP_017754511.1, XP_017754512.1
OG0002245	XP_015433682.1	XP_017765140.1
OG0002246	XP_015430284.1	XP_017764465.1, XP_017764466.1
OG0002247	XP_015430656.1, XP_015430657.1	XP_017765845.1
OG0002248	XP_015435896.1	XP_017755383.1, XP_017755385.1, XP_017755384.1
OG0002249	XP_015437137.1	XP_017762772.1, XP_017762773.1
OG0002250	XP_015438678.1	XP_017767125.1
OG0002251	XP_015429890.1	XP_017762777.1
OG0002252	XP_015428467.1	XP_017753593.1, XP_017753594.1
OG0002253	XP_015435776.1	XP_017766617.1
OG0002254	XP_015437816.1	XP_017766261.1, XP_017766263.1
OG0002255	XP_015430412.1	XP_017763573.1
OG0002256	XP_015428826.1	XP_017759533.1
OG0002257	XP_015435255.1	XP_017763282.1
OG0002258	XP_015436864.1, XP_015436865.1	XP_017753018.1
OG0002259	XP_015430294.1	XP_017764422.1
OG0002260	XP_015431175.1	XP_017755739.1
OG0002261	XP_015439777.1	XP_017757588.1
OG0002262	XP_015432626.1	XP_017762243.1
OG0002263	XP_015437922.1	XP_017752966.1, XP_017752965.1
OG0002264	XP_015438943.1	XP_017763234.1
OG0002265	XP_015438021.1	XP_017753166.1
OG0002266	XP_015430451.1	XP_017758988.1
OG0002267	XP_015436665.1	XP_017752666.1
OG0002268	XP_015430731.1	XP_017757171.1
OG0002269	XP_015430033.1	XP_017763850.1
OG0002270	XP_015431549.1	XP_017757312.1
OG0002271	XP_015434646.1	XP_017764261.1
OG0002272	XP_015438730.1	XP_017754447.1
OG0002273	XP_015432846.1	XP_017759151.1
OG0002274	XP_015428804.1	XP_017759555.1
OG0002275	XP_015435073.1	XP_017764244.1
OG0002276	XP_015430225.1	XP_017761528.1
OG0002277	XP_015435746.1	XP_017753530.1
OG0002278	XP_015437327.1	XP_017760886.1
OG0002279	XP_015437701.1	XP_017752214.1
OG0002280	XP_015435193.1	XP_017762854.1
OG0002281	XP_015434330.1	XP_017761739.1
OG0002282	XP_015429485.1, XP_015429484.1	XP_017761281.1
OG0002283	XP_015434829.1	XP_017753869.1, XP_017753868.1, XP_017753867.1
OG0002284	XP_015437073.1	XP_017758545.1
OG0002285	XP_015439114.1	XP_017760594.1
OG0002286	XP_015437220.1	XP_017752172.1
OG0002287	XP_015436308.1	XP_017763245.1
OG0002289	XP_015437488.1	XP_017764357.1
OG0002290	XP_015432800.1	XP_017753064.1
OG0002291	XP_015434854.1	XP_017761854.1
OG0002292	XP_015429206.1	XP_017763567.1
OG0002293	XP_015440365.1	XP_017752176.1
OG0002294	XP_015431973.1	XP_017757161.1
OG0002295	XP_015430105.1	XP_017761885.1
OG0002296	XP_015436913.1	XP_017765962.1
OG0002297	XP_015428536.1	XP_017766519.1
OG0002298	XP_015433669.1	XP_017765266.1
OG0002299	XP_015434448.1	XP_017760302.1
OG0002300	XP_015432121.1	XP_017756135.1
OG0002301	XP_015435729.1, XP_015431439.1	XP_017764508.1, XP_017764489.1
OG0002302	XP_015430885.1	XP_017761996.1
OG0002303	XP_015436672.1	XP_017762655.1
OG0002304	XP_015430773.1	XP_017756404.1
OG0002305	XP_015434482.1	XP_017763969.1
OG0002306	XP_015433821.1	XP_017756688.1
OG0002307	XP_015430114.1	XP_017755691.1
OG0002308	XP_015439111.1	XP_017760546.1
OG0002309	XP_015439134.1	XP_017761535.1
OG0002310	XP_015433826.1	XP_017752752.1
OG0002311	XP_015437027.1	XP_017755205.1
OG0002312	XP_015428570.1	XP_017766763.1
OG0002313	XP_015438852.1	XP_017760850.1
OG0002314	XP_015433932.1	XP_017755039.1, XP_017755040.1
OG0002315	XP_015439231.1	XP_017762891.1
OG0002316	XP_015439600.1	XP_017752333.1
OG0002317	XP_015435872.1	XP_017767034.1
OG0002318	XP_015440007.1	XP_017757511.1
OG0002319	XP_015432172.1	XP_017756113.1
OG0002320	XP_015439564.1	XP_017767323.1
OG0002321	XP_015434723.1	XP_017765410.1
OG0002322	XP_015431246.1, XP_015431247.1	XP_017762460.1, XP_017762459.1
OG0002323	XP_015430746.1	XP_017757132.1
OG0002324	XP_015434952.1	XP_017756291.1
OG0002325	XP_015439118.1	XP_017760573.1
OG0002326	XP_015440511.1	XP_017760825.1
OG0002327	XP_015430157.1	XP_017755483.1
OG0002328	XP_015438845.1, XP_015438846.1	XP_017760808.1
OG0002329	XP_015437128.1	XP_017756745.1
OG0002330	XP_015431312.1, XP_015431316.1	XP_017758014.1
OG0002331	XP_015429724.1	XP_017767602.1
OG0002332	XP_015428823.1	XP_017767633.1
OG0002333	XP_015435597.1	XP_017764974.1, XP_017764975.1
OG0002334	XP_015437030.1	XP_017760711.1
OG0002335	XP_015432365.1	XP_017766615.1
OG0002336	XP_015430834.1	XP_017767219.1
OG0002337	XP_015433844.1	XP_017759414.1
OG0002338	XP_015438053.1	XP_017763485.1
OG0002339	XP_015437658.1	XP_017767398.1
OG0002340	XP_015433003.1	XP_017766076.1
OG0002341	XP_015437011.1	XP_017766981.1
OG0002342	XP_015439291.1	XP_017754523.1
OG0002343	XP_015431988.1	XP_017756802.1
OG0002344	XP_015432727.1	XP_017762131.1
OG0002345	XP_015439410.1	XP_017752280.1
OG0002346	XP_015438925.1	XP_017752575.1
OG0002346	XP_015439168.1	XP_017752563.1
OG0002347	XP_015431849.1	XP_017760985.1
OG0002348	XP_015437661.1	XP_017767352.1
OG0002349	XP_015431136.1	XP_017757912.1
OG0002350	XP_015431133.1	XP_017756668.1
OG0002351	XP_015438546.1	XP_017758197.1
OG0002352	XP_015435733.1	XP_017761724.1
OG0002353	XP_015430878.1	XP_017764832.1
OG0002354	XP_015439453.1	XP_017765236.1
OG0002355	XP_015437366.1	XP_017760946.1
OG0002356	XP_015439580.1	XP_017767318.1
OG0002357	XP_015436194.1	XP_017755180.1
OG0002358	XP_015438415.1	XP_017765373.1
OG0002359	XP_015436828.1	XP_017764262.1, XP_017764263.1
OG0002360	XP_015439041.1	XP_017759891.1, XP_017759892.1
OG0002361	XP_015430371.1	XP_017764413.1
OG0002362	XP_015437508.1	XP_017756019.1, XP_017756018.1
OG0002363	XP_015437909.1, XP_015437910.1	XP_017763036.1
OG0002364	XP_015435941.1	XP_017757328.1
OG0002365	XP_015436941.1	XP_017767336.1
OG0002366	XP_015436133.1	XP_017756933.1
OG0002367	XP_015428652.1	XP_017766573.1
OG0002368	XP_015436808.1	XP_017754519.1
OG0002369	XP_015437641.1	XP_017767395.1
OG0002370	XP_015429180.1	XP_017753716.1
OG0002371	XP_015439498.1	XP_017764113.1
OG0002372	XP_015439640.1	XP_017758774.1
OG0002373	XP_015438596.1, XP_015438597.1	XP_017764758.1
OG0002374	XP_015436381.1, XP_015436383.1, XP_015436384.1, XP_015436385.1	XP_017755045.1
OG0002375	XP_015432557.1	XP_017766189.1
OG0002376	XP_015436372.1, XP_015436373.1	XP_017758823.1
OG0002377	XP_015432852.1	XP_017754213.1, XP_017754211.1
OG0002378	XP_015439244.1	XP_017752591.1, XP_017752590.1
OG0002379	XP_015439945.1	XP_017757518.1
OG0002380	XP_015437409.1	XP_017760931.1, XP_017760929.1, XP_017760930.1
OG0002381	XP_015438543.1	XP_017752127.1, XP_017752129.1
OG0002382	XP_015433877.1	XP_017758997.1, XP_017758998.1
OG0002383	XP_015436817.1	XP_017756575.1
OG0002383	XP_015438795.1	XP_017756585.1
OG0002384	XP_015431282.1	XP_017766240.1
OG0002385	XP_015436251.1	XP_017756895.1
OG0002386	XP_015438617.1	XP_017757778.1
OG0002387	XP_015435040.1	XP_017758112.1, XP_017758111.1
OG0002388	XP_015438167.1	XP_017761689.1
OG0002389	XP_015436940.1	XP_017753154.1, XP_017753153.1, XP_017753156.1
OG0002390	XP_015437633.1	XP_017767450.1
OG0002391	XP_015439694.1	XP_017755234.1
OG0002392	XP_015432445.1	XP_017765251.1, XP_017765250.1, XP_017765252.1
OG0002393	XP_015440078.1	XP_017755306.1
OG0002394	XP_015428697.1	XP_017755108.1
OG0002395	XP_015435138.1	XP_017763497.1
OG0002397	XP_015432736.1, XP_015432728.1, XP_015432745.1	XP_017766403.1, XP_017766404.1
OG0002398	XP_015434000.1	XP_017756321.1
OG0002399	XP_015434499.1	XP_017757098.1, XP_017757099.1
OG0002400	XP_015430164.1	XP_017753971.1
OG0002401	XP_015436472.1	XP_017759799.1
OG0002402	XP_015438066.1	XP_017760458.1
OG0002403	XP_015437396.1	XP_017760897.1
OG0002404	XP_015430211.1	XP_017763603.1
OG0002405	XP_015437590.1	XP_017752667.1
OG0002406	XP_015436456.1, XP_015431558.1	XP_017757327.1
OG0002407	XP_015434568.1, XP_015434569.1	XP_017762418.1
OG0002408	XP_015440339.1	XP_017767569.1
OG0002409	XP_015434560.1	XP_017754997.1
OG0002410	XP_015434449.1	XP_017765179.1, XP_017765178.1
OG0002411	XP_015430558.1, XP_015430566.1	XP_017759004.1, XP_017759000.1
OG0002412	XP_015440217.1	XP_017761384.1
OG0002413	XP_015433495.1	XP_017754484.1
OG0002414	XP_015435893.1	XP_017752432.1, XP_017752433.1
OG0002415	XP_015436830.1	XP_017764270.1
OG0002416	XP_015429907.1	XP_017756974.1
OG0002417	XP_015435596.1	XP_017764996.1
OG0002418	XP_015429112.1	XP_017754734.1
OG0002419	XP_015428828.1	XP_017759462.1
OG0002420	XP_015428480.1	XP_017759993.1
OG0002421	XP_015431530.1	XP_017759783.1
OG0002422	XP_015429648.1	XP_017757649.1
OG0002423	XP_015437232.1, XP_015437235.1	XP_017760188.1, XP_017760191.1
OG0002424	XP_015439713.1	XP_017756781.1
OG0002425	XP_015431255.1	XP_017756442.1
OG0002426	XP_015433459.1	XP_017763832.1, XP_017763829.1
OG0002427	XP_015430398.1	XP_017761256.1
OG0002428	XP_015439091.1	XP_017757814.1
OG0002429	XP_015433284.1	XP_017755630.1
OG0002430	XP_015434053.1	XP_017767200.1
OG0002431	XP_015430592.1	XP_017762559.1
OG0002432	XP_015432654.1	XP_017762159.1
OG0002433	XP_015435516.1	XP_017766968.1
OG0002434	XP_015432243.1	XP_017756358.1
OG0002435	XP_015437733.1	XP_017762268.1, XP_017762269.1
OG0002436	XP_015438554.1	XP_017762937.1
OG0002437	XP_015435472.1	XP_017761899.1
OG0002439	XP_015431259.1	XP_017756481.1
OG0002440	XP_015436290.1	XP_017755839.1
OG0002441	XP_015435854.1	XP_017766947.1, XP_017766933.1
OG0002442	XP_015432378.1	XP_017766591.1
OG0002443	XP_015433817.1, XP_015433814.1	XP_017752748.1, XP_017752750.1
OG0002444	XP_015438154.1	XP_017756717.1
OG0002445	XP_015440040.1	XP_017766962.1
OG0002446	XP_015428793.1	XP_017759526.1, XP_017759525.1
OG0002447	XP_015429632.1	XP_017763083.1
OG0002448	XP_015428586.1, XP_015428533.1	XP_017765012.1
OG0002449	XP_015431443.1	XP_017752700.1
OG0002450	XP_015436703.1	XP_017752447.1
OG0002451	XP_015431407.1	XP_017756282.1, XP_017754785.1
OG0002452	XP_015429783.1	XP_017755669.1
OG0002453	XP_015436357.1	XP_017755819.1
OG0002454	XP_015436565.1	XP_017759025.1
OG0002455	XP_015432571.1	XP_017766283.1
OG0002456	XP_015432025.1	XP_017757243.1
OG0002457	XP_015438402.1	XP_017758207.1
OG0002458	XP_015433340.1	XP_017755624.1
OG0002459	XP_015434698.1	XP_017755346.1
OG0002460	XP_015432043.1	XP_017759493.1
OG0002461	XP_015435442.1	XP_017764553.1
OG0002462	XP_015429450.1	XP_017760809.1
OG0002464	XP_015438230.1	XP_017753167.1
OG0002465	XP_015439214.1	XP_017767749.1
OG0002466	XP_015437362.1	XP_017754060.1
OG0002467	XP_015437981.1	XP_017762997.1
OG0002468	XP_015431872.1	XP_017753393.1
OG0002471	XP_015434742.1	XP_017755347.1
OG0002472	XP_015439133.1	XP_017759862.1
OG0002473	XP_015431365.1	XP_017760511.1
OG0002474	XP_015431308.1	XP_017766245.1
OG0002475	XP_015432020.1	XP_017763991.1
OG0002476	XP_015434770.1	XP_017757785.1
OG0002477	XP_015431755.1	XP_017763679.1
OG0002478	XP_015438317.1	XP_017755899.1
OG0002479	XP_015434517.1	XP_017753113.1
OG0002480	XP_015439842.1	XP_017767694.1, XP_017767695.1
OG0002481	XP_015434141.1	XP_017760624.1
OG0002482	XP_015438747.1	XP_017755466.1
OG0002483	XP_015430136.1	XP_017760219.1, XP_017760218.1
OG0002484	XP_015433967.1	XP_017756372.1
OG0002485	XP_015431299.1	XP_017760525.1
OG0002486	XP_015437597.1	XP_017760130.1
OG0002487	XP_015434984.1	XP_017755176.1
OG0002488	XP_015434032.1	XP_017767279.1
OG0002489	XP_015429266.1	XP_017752983.1, XP_017752980.1, XP_017752982.1, XP_017752981.1
OG0002490	XP_015435005.1	XP_017755222.1
OG0002491	XP_015436118.1	XP_017756853.1, XP_017756855.1, XP_017756856.1
OG0002492	XP_015432920.1	XP_017754176.1, XP_017754178.1, XP_017754177.1
OG0002493	XP_015435226.1	XP_017759627.1
OG0002494	XP_015436617.1	XP_017763925.1
OG0002495	XP_015431337.1	XP_017766349.1
OG0002496	XP_015435006.1	XP_017758084.1, XP_017758081.1, XP_017758082.1, XP_017758080.1, XP_017758083.1
OG0002497	XP_015440224.1	XP_017755248.1, XP_017755249.1, XP_017755250.1
OG0002498	XP_015440518.1, XP_015436583.1, XP_015440435.1	XP_017764789.1, XP_017763400.1
OG0002499	XP_015431788.1	XP_017757040.1, XP_017757041.1, XP_017757042.1
OG0002500	XP_015431790.1	XP_017757034.1, XP_017757035.1
OG0002502	XP_015439409.1	XP_017753834.1, XP_017753837.1, XP_017753835.1
OG0002503	XP_015437934.1	XP_017765775.1, XP_017765774.1
OG0002507	XP_015433612.1	XP_017766744.1
OG0002508	XP_015437518.1	XP_017752594.1
OG0002509	XP_015432155.1, XP_015432156.1	XP_017752913.1
OG0002510	XP_015434564.1	XP_017766272.1
OG0002511	XP_015436254.1	XP_017764082.1
OG0002512	XP_015437798.1	XP_017760935.1
OG0002513	XP_015431902.1	XP_017761236.1, XP_017761235.1
OG0002514	XP_015436576.1	XP_017764486.1
OG0002515	XP_015430599.1	XP_017758418.1
OG0002516	XP_015437295.1	XP_017753321.1
OG0002517	XP_015433778.1	XP_017759225.1
OG0002518	XP_015429291.1, XP_015429290.1	XP_017763484.1
OG0002519	XP_015435327.1	XP_017754003.1
OG0002520	XP_015431824.1, XP_015431825.1	XP_017763958.1
OG0002521	XP_015431490.1, XP_015431491.1	XP_017752403.1
OG0002522	XP_015437781.1	XP_017754173.1
OG0002523	XP_015438422.1	XP_017759046.1
OG0002524	XP_015428537.1	XP_017767563.1
OG0002525	XP_015440068.1	XP_017755293.1
OG0002526	XP_015435544.1	XP_017761751.1
OG0002527	XP_015436746.1, XP_015436747.1	XP_017756680.1
OG0002528	XP_015430512.1, XP_015430513.1	XP_017761673.1
OG0002529	XP_015439054.1	XP_017759857.1
OG0002530	XP_015432182.1	XP_017752945.1
OG0002531	XP_015429864.1	XP_017764366.1
OG0002532	XP_015439665.1	XP_017759149.1
OG0002533	XP_015434306.1	XP_017752345.1
OG0002534	XP_015435536.1	XP_017763397.1
OG0002535	XP_015438590.1, XP_015438591.1	XP_017764728.1
OG0002536	XP_015430195.1	XP_017758186.1
OG0002537	XP_015431101.1	XP_017754449.1
OG0002538	XP_015432350.1	XP_017766601.1
OG0002539	XP_015429377.1	XP_017757298.1, XP_017757300.1
OG0002540	XP_015435937.1	XP_017766972.1
OG0002541	XP_015438324.1	XP_017755893.1
OG0002542	XP_015431546.1	XP_017755391.1
OG0002543	XP_015437165.1	XP_017760163.1, XP_017760165.1
OG0002544	XP_015431889.1	XP_017754505.1
OG0002545	XP_015429595.1	XP_017761756.1
OG0002546	XP_015436717.1	XP_017753128.1
OG0002547	XP_015437456.1	XP_017756253.1
OG0002548	XP_015430943.1	XP_017764311.1
OG0002549	XP_015431376.1	XP_017760514.1
OG0002550	XP_015428555.1	XP_017752228.1
OG0002551	XP_015436615.1	XP_017759026.1
OG0002552	XP_015433426.1	XP_017758415.1
OG0002553	XP_015433240.1	XP_017762025.1
OG0002555	XP_015429964.1	XP_017759672.1
OG0002556	XP_015438511.1	XP_017765385.1
OG0002557	XP_015429748.1	XP_017765299.1
OG0002558	XP_015438419.1	XP_017758936.1
OG0002560	XP_015436042.1	XP_017755826.1
OG0002561	XP_015434967.1	XP_017755311.1
OG0002562	XP_015433613.1	XP_017766746.1
OG0002563	XP_015429552.1	XP_017754264.1
OG0002564	XP_015437564.1	XP_017753182.1
OG0002565	XP_015432305.1	XP_017766777.1
OG0002566	XP_015431627.1	XP_017756606.1
OG0002567	XP_015434281.1	XP_017766672.1
OG0002568	XP_015439016.1, XP_015439015.1	XP_017756795.1
OG0002569	XP_015429970.1	XP_017764909.1
OG0002570	XP_015430753.1	XP_017758585.1
OG0002571	XP_015432425.1	XP_017753737.1
OG0002571	XP_015432461.1	XP_017753750.1
OG0002572	XP_015432631.1	XP_017758450.1
OG0002573	XP_015436276.1	XP_017762803.1
OG0002574	XP_015431900.1	XP_017752657.1
OG0002575	XP_015434184.1	XP_017760599.1, XP_017760600.1
OG0002576	XP_015436464.1	XP_017759326.1
OG0002577	XP_015431906.1	XP_017761218.1
OG0002578	XP_015436325.1	XP_017755824.1, XP_017755822.1
OG0002579	XP_015432770.1	XP_017762168.1
OG0002580	XP_015435127.1	XP_017752273.1, XP_017752272.1, XP_017765615.1, XP_017752271.1
OG0002581	XP_015431390.1	XP_017760515.1
OG0002582	XP_015429973.1	XP_017754387.1
OG0002583	XP_015435987.1	XP_017763067.1
OG0002584	XP_015437105.1, XP_015437108.1	XP_017757341.1
OG0002585	XP_015428798.1	XP_017755144.1
OG0002586	XP_015435963.1	XP_017755194.1
OG0002587	XP_015439832.1	XP_017757549.1
OG0002588	XP_015437911.1	XP_017753189.1
OG0002589	XP_015438178.1	XP_017759801.1, XP_017759802.1
OG0002590	XP_015435015.1	XP_017756337.1
OG0002591	XP_015433399.1	XP_017757454.1
OG0002592	XP_015431479.1	XP_017756689.1, XP_017756690.1
OG0002593	XP_015430358.1	XP_017754599.1
OG0002594	XP_015433688.1	XP_017765034.1
OG0002595	XP_015433977.1	XP_017762720.1, XP_017762721.1
OG0002596	XP_015431528.1	XP_017759586.1
OG0002597	XP_015432432.1	XP_017758109.1
OG0002598	XP_015428598.1	XP_017765016.1
OG0002599	XP_015436109.1	XP_017753225.1
OG0002600	XP_015431843.1	XP_017760987.1
OG0002601	XP_015431481.1	XP_017762368.1
OG0002602	XP_015428817.1	XP_017759558.1
OG0002603	XP_015437005.1	XP_017760455.1
OG0002604	XP_015431744.1	XP_017754559.1
OG0002605	XP_015429023.1	XP_017758655.1
OG0002606	XP_015432133.1	XP_017757655.1
OG0002607	XP_015431590.1	XP_017767090.1, XP_017767091.1
OG0002608	XP_015429455.1	XP_017755573.1, XP_017755574.1
OG0002609	XP_015431383.1	XP_017766217.1
OG0002610	XP_015439177.1	XP_017752587.1, XP_017752588.1, XP_017752589.1
OG0002611	XP_015430862.1	XP_017763560.1
OG0002612	XP_015432883.1	XP_017753070.1
OG0002613	XP_015429215.1	XP_017762615.1
OG0002614	XP_015438794.1	XP_017760826.1
OG0002615	XP_015439145.1	XP_017762876.1
OG0002616	XP_015432003.1	XP_017757067.1
OG0002617	XP_015439144.1	XP_017759886.1
OG0002618	XP_015439362.1	XP_017752257.1
OG0002619	XP_015430441.1	XP_017764198.1
OG0002620	XP_015431730.1	XP_017761107.1
OG0002621	XP_015435057.1	XP_017762544.1
OG0002622	XP_015434427.1	XP_017763165.1
OG0002623	XP_015439778.1	XP_017757586.1
OG0002624	XP_015439132.1	XP_017757073.1
OG0002625	XP_015433629.1	XP_017764757.1
OG0002625	XP_015433658.1	XP_017765010.1
OG0002626	XP_015430107.1	XP_017764290.1
OG0002627	XP_015429889.1	XP_017759067.1
OG0002628	XP_015431956.1	XP_017763996.1
OG0002629	XP_015433216.1	XP_017764947.1
OG0002630	XP_015430113.1	XP_017765437.1, XP_017765423.1
OG0002631	XP_015439630.1	XP_017763719.1
OG0002632	XP_015428949.1	XP_017767461.1
OG0002633	XP_015433663.1	XP_017757287.1
OG0002634	XP_015434409.1	XP_017757085.1
OG0002635	XP_015433356.1	XP_017767696.1
OG0002636	XP_015429816.1	XP_017757026.1
OG0002637	XP_015431613.1	XP_017756025.1, XP_017756034.1
OG0002638	XP_015429698.1	XP_017759051.1
OG0002639	XP_015439574.1	XP_017767514.1
OG0002640	XP_015430585.1, XP_015430582.1	XP_017759072.1, XP_017759071.1, XP_017763598.1
OG0002641	XP_015433536.1	XP_017754535.1
OG0002642	XP_015434035.1	XP_017759348.1
OG0002643	XP_015433261.1	XP_017762031.1
OG0002644	XP_015429046.1, XP_015429047.1	XP_017757049.1
OG0002645	XP_015429858.1	XP_017757002.1
OG0002646	XP_015428765.1	XP_017755105.1
OG0002647	XP_015439757.1, XP_015438136.1	XP_017760234.1
OG0002648	XP_015431741.1	XP_017760057.1
OG0002649	XP_015440206.1, XP_015440207.1	XP_017757441.1
OG0002650	XP_015432655.1	XP_017761002.1
OG0002651	XP_015439576.1	XP_017767325.1
OG0002652	XP_015431690.1	XP_017758561.1, XP_017758565.1
OG0002653	XP_015436274.1	XP_017756934.1
OG0002654	XP_015432809.1	XP_017766496.1
OG0002656	XP_015438635.1	XP_017761044.1
OG0002657	XP_015435541.1	XP_017754826.1
OG0002658	XP_015438718.1	XP_017759972.1
OG0002659	XP_015434472.1, XP_015434473.1	XP_017763146.1, XP_017763143.1
OG0002660	XP_015432850.1	XP_017754196.1
OG0002661	XP_015432720.1	XP_017761784.1, XP_017759847.1
OG0002662	XP_015429516.1	XP_017760283.1
OG0002663	XP_015438565.1	XP_017765363.1
OG0002665	XP_015431691.1	XP_017758553.1
OG0002666	XP_015435561.1	XP_017754788.1
OG0002667	XP_015434187.1	XP_017760569.1
OG0002668	XP_015430836.1	XP_017760119.1, XP_017760120.1
OG0002669	XP_015429088.1	XP_017765717.1
OG0002671	XP_015432624.1	XP_017766398.1
OG0002672	XP_015434450.1	XP_017763754.1
OG0002673	XP_015434084.1	XP_017756776.1
OG0002674	XP_015433416.1	XP_017758241.1, XP_017758231.1
OG0002675	XP_015432470.1, XP_015432471.1	XP_017765036.1
OG0002676	XP_015434619.1	XP_017766883.1
OG0002677	XP_015435990.1	XP_017754306.1, XP_017754305.1
OG0002678	XP_015440380.1	XP_017752137.1, XP_017752136.1
OG0002679	XP_015433390.1, XP_015433391.1	XP_017755649.1, XP_017755648.1
OG0002680	XP_015437768.1	XP_017760818.1, XP_017760817.1
OG0002681	XP_015434594.1	XP_017762488.1, XP_017762487.1
OG0002682	XP_015434590.1	XP_017760275.1
OG0002683	XP_015434477.1	XP_017757029.1, XP_017757030.1, XP_017756653.1
OG0002684	XP_015433539.1	XP_017763622.1
OG0002686	XP_015433786.1	XP_017755041.1
OG0002687	XP_015433393.1	XP_017755584.1
OG0002688	XP_015428809.1	XP_017755114.1
OG0002689	XP_015428556.1	XP_017764230.1
OG0002690	XP_015436802.1	XP_017757684.1
OG0002691	XP_015434601.1	XP_017759882.1
OG0002692	XP_015434103.1	XP_017759336.1
OG0002694	XP_015437824.1	XP_017755207.1
OG0002695	XP_015438098.1	XP_017755179.1, XP_017755178.1
OG0002696	XP_015435871.1	XP_017761877.1
OG0002697	XP_015429879.1	XP_017759659.1
OG0002698	XP_015439709.1, XP_015439717.1	XP_017765948.1
OG0002699	XP_015439021.1	XP_017767254.1
OG0002700	XP_015433134.1	XP_017767756.1
OG0002701	XP_015430074.1	XP_017764625.1, XP_017764619.1
OG0002702	XP_015433795.1	XP_017760423.1
OG0002703	XP_015436967.1	XP_017753467.1, XP_017753469.1
OG0002704	XP_015431733.1	XP_017763683.1, XP_017763680.1
OG0002705	XP_015429538.1, XP_015429540.1, XP_015429541.1, XP_015429539.1	XP_017763059.1
OG0002708	XP_015434034.1	XP_017759318.1
OG0002709	XP_015430303.1	XP_017765433.1
OG0002710	XP_015433366.1, XP_015433359.1	XP_017765796.1
OG0002711	XP_015436663.1	XP_017767614.1
OG0002714	XP_015434857.1	XP_017764719.1
OG0002715	XP_015440274.1	XP_017757431.1
OG0002716	XP_015429557.1	XP_017752246.1
OG0002717	XP_015434632.1	XP_017753566.1
OG0002718	XP_015434379.1	XP_017764544.1
OG0002719	XP_015436412.1	XP_017756924.1
OG0002720	XP_015430985.1	XP_017754977.1
OG0002721	XP_015438894.1, XP_015438895.1, XP_015438896.1	XP_017761310.1
OG0002722	XP_015438610.1	XP_017761728.1
OG0002724	XP_015430361.1	XP_017763289.1
OG0002726	XP_015434543.1	XP_017763756.1
OG0002727	XP_015437938.1	XP_017758133.1
OG0002728	XP_015432322.1	XP_017766566.1
OG0002729	XP_015439949.1	XP_017765927.1
OG0002730	XP_015439699.1	XP_017755314.1
OG0002731	XP_015434545.1	XP_017755367.1
OG0002732	XP_015439549.1	XP_017758853.1
OG0002733	XP_015438229.1	XP_017753235.1
OG0002734	XP_015434383.1	XP_017753120.1
OG0002735	XP_015429600.1	XP_017761754.1
OG0002736	XP_015428810.1	XP_017761073.1, XP_017761074.1
OG0002737	XP_015437759.1	XP_017760695.1
OG0002739	XP_015436610.1	XP_017758892.1
OG0002740	XP_015429926.1	XP_017753720.1
OG0002741	XP_015428495.1	XP_017753582.1
OG0002742	XP_015439341.1	XP_017752855.1, XP_017752856.1
OG0002743	XP_015431305.1	XP_017756485.1
OG0002744	XP_015432667.1	XP_017754644.1
OG0002745	XP_015438191.1	XP_017761702.1
OG0002746	XP_015437484.1	XP_017756278.1
OG0002747	XP_015435283.1	XP_017763274.1
OG0002748	XP_015428699.1	XP_017755073.1
OG0002749	XP_015432179.1	XP_017761033.1, XP_017761034.1
OG0002750	XP_015430838.1	XP_017756686.1
OG0002751	XP_015430138.1	XP_017759109.1
OG0002752	XP_015430041.1	XP_017767591.1, XP_017767590.1
OG0002753	XP_015436926.1	XP_017767233.1
OG0002754	XP_015434733.1	XP_017752773.1
OG0002755	XP_015439227.1	XP_017762871.1
OG0002756	XP_015431911.1	XP_017761234.1
OG0002757	XP_015433150.1	XP_017765256.1
OG0002758	XP_015433585.1	XP_017753046.1, XP_017756744.1
OG0002759	XP_015437014.1	XP_017760671.1
OG0002760	XP_015429224.1	XP_017763455.1
OG0002761	XP_015432933.1	XP_017752224.1
OG0002762	XP_015433538.1	XP_017763627.1
OG0002763	XP_015437125.1	XP_017759090.1
OG0002764	XP_015433047.1	XP_017754103.1
OG0002765	XP_015431431.1	XP_017756388.1, XP_017754763.1
OG0002766	XP_015433677.1	XP_017757389.1
OG0002767	XP_015439930.1	XP_017757458.1
OG0002768	XP_015432239.1	XP_017756160.1
OG0002769	XP_015430350.1	XP_017754662.1
OG0002770	XP_015436845.1	XP_017753522.1
OG0002771	XP_015429447.1	XP_017761276.1, XP_017761275.1
OG0002772	XP_015429134.1	XP_017754732.1
OG0002773	XP_015435570.1	XP_017754820.1
OG0002774	XP_015432756.1	XP_017766347.1
OG0002775	XP_015436007.1	XP_017754315.1
OG0002776	XP_015429693.1	XP_017761270.1
OG0002778	XP_015428918.1, XP_015428917.1	XP_017764717.1
OG0002779	XP_015439753.1	XP_017758218.1
OG0002779	XP_015440244.1	XP_017758222.1
OG0002780	XP_015436643.1	XP_017756535.1
OG0002781	XP_015431565.1	XP_017757326.1
OG0002782	XP_015436190.1	XP_017756898.1
OG0002783	XP_015437290.1	XP_017760924.1
OG0002784	XP_015430267.1, XP_015430268.1	XP_017754638.1
OG0002785	XP_015431060.1	XP_017755706.1
OG0002787	XP_015436015.1	XP_017752285.1
OG0002788	XP_015432527.1	XP_017763730.1
OG0002789	XP_015436023.1	XP_017757998.1
OG0002790	XP_015429861.1	XP_017762764.1
OG0002791	XP_015436590.1	XP_017763934.1
OG0002792	XP_015436337.1	XP_017755807.1
OG0002795	XP_015432107.1	XP_017752879.1
OG0002796	XP_015436715.1, XP_015436716.1	XP_017752471.1
OG0002797	XP_015436812.1	XP_017753983.1
OG0002799	XP_015440447.1	XP_017760357.1
OG0002800	XP_015434534.1	XP_017763779.1
OG0002801	XP_015431039.1	XP_017757876.1
OG0002802	XP_015434134.1	XP_017759406.1
OG0002803	XP_015430735.1	XP_017765935.1, XP_017765825.1, XP_017765934.1
OG0002804	XP_015440126.1	XP_017757595.1
OG0002805	XP_015431989.1	XP_017761717.1
OG0002806	XP_015432591.1	XP_017763822.1
OG0002807	XP_015435595.1	XP_017761190.1
OG0002809	XP_015440127.1	XP_017755665.1
OG0002810	XP_015433204.1	XP_017752337.1
OG0002811	XP_015431947.1	XP_017756987.1, XP_017756995.1
OG0002812	XP_015438337.1	XP_017761941.1
OG0002813	XP_015428890.1	XP_017767424.1
OG0002814	XP_015428505.1	XP_017755569.1
OG0002815	XP_015431949.1	XP_017757129.1
OG0002816	XP_015436368.1	XP_017758783.1
OG0002817	XP_015432593.1	XP_017763526.1
OG0002818	XP_015429130.1	XP_017754709.1, XP_017754710.1, XP_017754708.1
OG0002819	XP_015432426.1	XP_017753738.1
OG0002820	XP_015429824.1	XP_017753219.1
OG0002821	XP_015429467.1	XP_017759817.1
OG0002822	XP_015428394.1, XP_015428395.1	XP_017761472.1
OG0002823	XP_015438906.1	XP_017755021.1
OG0002824	XP_015434349.1	XP_017754346.1
OG0002825	XP_015432191.1, XP_015432190.1	XP_017756143.1, XP_017756145.1
OG0002826	XP_015439886.1	XP_017767721.1, XP_017767722.1
OG0002827	XP_015431171.1	XP_017757920.1
OG0002828	XP_015435104.1	XP_017763527.1, XP_017763525.1
OG0002829	XP_015431117.1	XP_017757924.1
OG0002831	XP_015429043.1	XP_017762539.1
OG0002832	XP_015431275.1	XP_017760045.1
OG0002833	XP_015438232.1	XP_017753254.1, XP_017753255.1, XP_017753257.1, XP_017753259.1, XP_017760954.1, XP_017753256.1
OG0002834	XP_015430080.1	XP_017761897.1
OG0002835	XP_015440436.1	XP_017763395.1, XP_017763394.1
OG0002836	XP_015428886.1	XP_017767379.1
OG0002837	XP_015438782.1	XP_017761980.1, XP_017761977.1
OG0002838	XP_015438026.1	XP_017766643.1
OG0002840	XP_015439470.1	XP_017756910.1
OG0002840	XP_015439471.1	XP_017756912.1
OG0002841	XP_015439467.1, XP_015439466.1	XP_017756826.1
OG0002843	XP_015428998.1	XP_017765308.1, XP_017765309.1
OG0002844	XP_015430693.1, XP_015430692.1	XP_017758619.1
OG0002845	XP_015428531.1	XP_017765004.1
OG0002846	XP_015432383.1	XP_017766667.1
OG0002847	XP_015431864.1	XP_017753386.1
OG0002848	XP_015430649.1	XP_017756484.1, XP_017756489.1
OG0002850	XP_015435737.1, XP_015434434.1, XP_015434421.1	XP_017757104.1
OG0002851	XP_015435029.1	XP_017756356.1, XP_017756355.1
OG0002852	XP_015431848.1	XP_017765476.1
OG0002856	XP_015428935.1, XP_015428934.1	XP_017767460.1
OG0002857	XP_015436722.1	XP_017752462.1
OG0002858	XP_015436537.1	XP_017758703.1
OG0002859	XP_015435222.1	XP_017761812.1
OG0002860	XP_015428868.1	XP_017767343.1
OG0002861	XP_015439055.1	XP_017752568.1
OG0002863	XP_015430344.1	XP_017763295.1
OG0002864	XP_015428921.1	XP_017767543.1
OG0002865	XP_015428877.1	XP_017767436.1
OG0002866	XP_015435399.1	XP_017764648.1
OG0002867	XP_015436697.1	XP_017753551.1, XP_017753553.1
OG0002868	XP_015440266.1	XP_017755557.1
OG0002869	XP_015432203.1	XP_017756126.1
OG0002870	XP_015437770.1	XP_017760696.1
OG0002871	XP_015429957.1	XP_017754398.1, XP_017754399.1
OG0002872	XP_015431385.1	XP_017764137.1
OG0002873	XP_015435392.1	XP_017754098.1
OG0002874	XP_015438030.1	XP_017766671.1
OG0002875	XP_015429145.1	XP_017753058.1
OG0002876	XP_015433235.1	XP_017762946.1, XP_017762957.1
OG0002877	XP_015433718.1	XP_017756513.1
OG0002878	XP_015439152.1	XP_017762881.1
OG0002879	XP_015433433.1	XP_017758440.1, XP_017758090.1
OG0002880	XP_015432583.1	XP_017766262.1
OG0002881	XP_015430569.1	XP_017756632.1, XP_017756631.1
OG0002882	XP_015436197.1	XP_017753739.1
OG0002883	XP_015430572.1	XP_017761629.1
OG0002884	XP_015433072.1	XP_017754031.1
OG0002885	XP_015432140.1	XP_017752931.1
OG0002886	XP_015437894.1	XP_017762657.1
OG0002887	XP_015429374.1	XP_017757330.1
OG0002888	XP_015434140.1	XP_017759344.1
OG0002889	XP_015432888.1	XP_017753061.1
OG0002890	XP_015434643.1	XP_017753539.1
OG0002891	XP_015430418.1	XP_017761630.1
OG0002892	XP_015435839.1	XP_017757318.1
OG0002893	XP_015437778.1	XP_017760862.1
OG0002894	XP_015434194.1	XP_017759333.1
OG0002895	XP_015433147.1	XP_017753824.1
OG0002896	XP_015433404.1	XP_017766191.1
OG0002897	XP_015438374.1	XP_017757953.1
OG0002898	XP_015431724.1	XP_017763678.1
OG0002899	XP_015439165.1	XP_017767192.1
OG0002900	XP_015439395.1	XP_017763010.1
OG0002901	XP_015431504.1	XP_017762348.1
OG0002902	XP_015435538.1	XP_017754787.1
OG0002903	XP_015431395.1	XP_017766235.1
OG0002904	XP_015433257.1, XP_015440129.1	XP_017761114.1
OG0002905	XP_015435758.1	XP_017756238.1
OG0002906	XP_015438027.1	XP_017766820.1
OG0002907	XP_015429133.1	XP_017753067.1
OG0002908	XP_015436161.1	XP_017755780.1
OG0002909	XP_015430744.1	XP_017757166.1
OG0002910	XP_015434350.1	XP_017754337.1
OG0002911	XP_015439047.1	XP_017761546.1
OG0002913	XP_015436415.1	XP_017756808.1
OG0002914	XP_015437830.1	XP_017764345.1
OG0002915	XP_015435831.1	XP_017767053.1
OG0002916	XP_015434864.1	XP_017758144.1
OG0002917	XP_015433357.1	XP_017755623.1
OG0002918	XP_015437093.1	XP_017755559.1
OG0002919	XP_015431392.1	XP_017754244.1
OG0002920	XP_015436198.1	XP_017756870.1
OG0002921	XP_015430914.1, XP_015430916.1, XP_015430915.1, XP_015430917.1	XP_017764317.1, XP_017764318.1
OG0002922	XP_015435605.1, XP_015435607.1	XP_017753757.1
OG0002923	XP_015436783.1	XP_017766102.1
OG0002924	XP_015437375.1	XP_017760774.1
OG0002925	XP_015436600.1	XP_017756550.1
OG0002926	XP_015436146.1	XP_017763704.1
OG0002927	XP_015435155.1	XP_017759113.1
OG0002928	XP_015436318.1	XP_017764060.1, XP_017764061.1
OG0002929	XP_015436791.1	XP_017753322.1
OG0002930	XP_015431444.1	XP_017756073.1
OG0002931	XP_015431909.1	XP_017759736.1, XP_017759735.1
OG0002932	XP_015429160.1	XP_017757051.1
OG0002933	XP_015433341.1	XP_017755632.1, XP_017755629.1
OG0002934	XP_015440008.1	XP_017755606.1, XP_017755610.1
OG0002935	XP_015436950.1	XP_017760089.1
OG0002936	XP_015433211.1	XP_017758100.1
OG0002937	XP_015432316.1	XP_017764634.1
OG0002938	XP_015431228.1	XP_017758285.1
OG0002939	XP_015437308.1	XP_017760786.1
OG0002940	XP_015433873.1	XP_017763714.1
OG0002941	XP_015436777.1	XP_017766131.1
OG0002942	XP_015435799.1	XP_017763701.1
OG0002943	XP_015439577.1	XP_017767402.1, XP_017767400.1
OG0002944	XP_015438507.1	XP_017767474.1
OG0002945	XP_015440059.1	XP_017761365.1
OG0002946	XP_015431961.1	XP_017757074.1
OG0002947	XP_015434442.1	XP_017763806.1
OG0002948	XP_015435882.1, XP_015435881.1, XP_015435880.1	XP_017752307.1
OG0002949	XP_015431430.1	XP_017760048.1
OG0002950	XP_015434861.1	XP_017753777.1
OG0002951	XP_015434113.1	XP_017760619.1
OG0002952	XP_015432433.1	XP_017753809.1, XP_017753808.1
OG0002953	XP_015435500.1	XP_017758754.1
OG0002954	XP_015433930.1	XP_017755069.1
OG0002955	XP_015433609.1	XP_017758979.1
OG0002956	XP_015429423.1	XP_017762710.1
OG0002957	XP_015432403.1	XP_017766680.1, XP_017766686.1
OG0002958	XP_015438829.1	XP_017761494.1
OG0002959	XP_015440381.1	XP_017766079.1
OG0002960	XP_015435001.1	XP_017755471.1
OG0002961	XP_015434559.1	XP_017754994.1
OG0002962	XP_015434633.1	XP_017753542.1
OG0002963	XP_015432017.1	XP_017757046.1
OG0002964	XP_015430921.1	XP_017764334.1, XP_017764333.1
OG0002965	XP_015440119.1	XP_017757490.1
OG0002966	XP_015439026.1	XP_017767169.1
OG0002967	XP_015437514.1	XP_017752540.1
OG0002968	XP_015436259.1	XP_017755802.1, XP_017755800.1
OG0002969	XP_015428585.1	XP_017754363.1
OG0002970	XP_015434880.1	XP_017762043.1
OG0002971	XP_015430458.1	XP_017761666.1
OG0002972	XP_015437726.1	XP_017760800.1
OG0002973	XP_015429995.1	XP_017762822.1, XP_017762823.1
OG0002974	XP_015433523.1	XP_017752560.1
OG0002975	XP_015431276.1	XP_017760054.1, XP_017760053.1
OG0002976	XP_015428824.1	XP_017755143.1
OG0002977	XP_015429617.1	XP_017763501.1
OG0002978	XP_015433486.1	XP_017752538.1
OG0002979	XP_015438248.1	XP_017764383.1
OG0002981	XP_015440264.1	XP_017753712.1
OG0002982	XP_015429689.1	XP_017759052.1
OG0002983	XP_015438743.1	XP_017754369.1
OG0002984	XP_015435287.1	XP_017757708.1
OG0002985	XP_015429592.1	XP_017752690.1
OG0002986	XP_015435911.1	XP_017757314.1
OG0002987	XP_015430754.1	XP_017756678.1
OG0002988	XP_015435670.1	XP_017760036.1
OG0002989	XP_015429005.1	XP_017754724.1
OG0002990	XP_015428746.1	XP_017756684.1
OG0002991	XP_015432161.1	XP_017762141.1
OG0002992	XP_015437460.1, XP_015437530.1	XP_017756036.1
OG0002993	XP_015432962.1	XP_017766048.1
OG0002994	XP_015431750.1, XP_015431751.1	XP_017758599.1
OG0002995	XP_015434830.1	XP_017753822.1
OG0002996	XP_015430576.1	XP_017761228.1
OG0002997	XP_015440457.1	XP_017760773.1
OG0002998	XP_015438512.1	XP_017757345.1
OG0002999	XP_015438600.1	XP_017758502.1
OG0003000	XP_015434689.1, XP_015434695.1	XP_017764266.1
OG0003001	XP_015432721.1	XP_017762098.1
OG0003002	XP_015436284.1	XP_017753069.1
OG0003003	XP_015432324.1	XP_017766387.1, XP_017766386.1
OG0003004	XP_015433835.1	XP_017752732.1
OG0003005	XP_015439862.1	XP_017755239.1
OG0003006	XP_015439039.1	XP_017767288.1
OG0003007	XP_015429882.1, XP_015429884.1, XP_015429883.1	XP_017764384.1, XP_017764385.1
OG0003008	XP_015433314.1	XP_017767661.1
OG0003009	XP_015430901.1, XP_015430902.1	XP_017764600.1
OG0003010	XP_015437494.1	XP_017752554.1
OG0003011	XP_015440150.1	XP_017765794.1
OG0003012	XP_015436497.1	XP_017759340.1
OG0003013	XP_015434467.1	XP_017755000.1
OG0003014	XP_015436649.1	XP_017760043.1
OG0003015	XP_015439797.1	XP_017767653.1
OG0003016	XP_015431621.1	XP_017765855.1
OG0003017	XP_015437762.1	XP_017764774.1
OG0003018	XP_015437116.1	XP_017757340.1
OG0003019	XP_015430522.1	XP_017761656.1
OG0003020	XP_015435797.1	XP_017755392.1
OG0003021	XP_015439814.1	XP_017762032.1
OG0003022	XP_015429605.1	XP_017761755.1
OG0003023	XP_015429310.1	XP_017755452.1
OG0003024	XP_015436462.1	XP_017767135.1
OG0003025	XP_015435873.1	XP_017767040.1
OG0003026	XP_015438345.1	XP_017760561.1
OG0003027	XP_015430575.1	XP_017754952.1
OG0003028	XP_015440031.1	XP_017752974.1
OG0003029	XP_015435355.1	XP_017764669.1
OG0003030	XP_015432886.1, XP_015432885.1	XP_017759200.1, XP_017759210.1
OG0003031	XP_015436482.1	XP_017759349.1
OG0003032	XP_015437134.1	XP_017761922.1
OG0003033	XP_015438164.1	XP_017764910.1
OG0003034	XP_015435408.1	XP_017764542.1
OG0003035	XP_015432153.1	XP_017756131.1
OG0003036	XP_015439037.1	XP_017762892.1
OG0003037	XP_015434259.1	XP_017752386.1
OG0003038	XP_015428574.1	XP_017766641.1
OG0003039	XP_015432730.1	XP_017760998.1
OG0003040	XP_015439277.1	XP_017764679.1
OG0003041	XP_015433073.1	XP_017754072.1
OG0003042	XP_015434597.1	XP_017759748.1
OG0003043	XP_015430489.1	XP_017763628.1
OG0003044	XP_015430918.1	XP_017762574.1
OG0003045	XP_015428595.1	XP_017766674.1
OG0003046	XP_015436120.1	XP_017753214.1
OG0003047	XP_015429956.1	XP_017756988.1
OG0003048	XP_015440378.1	XP_017752130.1
OG0003049	XP_015438159.1	XP_017753477.1
OG0003050	XP_015436340.1	XP_017758887.1
OG0003051	XP_015430835.1	XP_017760107.1
OG0003053	XP_015438058.1	XP_017763068.1
OG0003054	XP_015433833.1	XP_017760008.1
OG0003055	XP_015435784.1	XP_017755588.1
OG0003056	XP_015439120.1	XP_017756577.1
OG0003057	XP_015434267.1	XP_017756064.1
OG0003058	XP_015432414.1	XP_017765066.1
OG0003059	XP_015439871.1	XP_017758716.1
OG0003060	XP_015434165.1	XP_017767151.1
OG0003061	XP_015429325.1	XP_017757302.1
OG0003062	XP_015438047.1	XP_017753471.1
OG0003063	XP_015439404.1	XP_017752573.1
OG0003064	XP_015433121.1	XP_017767605.1
OG0003065	XP_015431488.1, XP_015431487.1	XP_017762372.1
OG0003066	XP_015429930.1	XP_017763855.1
OG0003067	XP_015440524.1	XP_017763401.1
OG0003067	XP_015440527.1	XP_017763381.1
OG0003068	XP_015435600.1	XP_017764950.1
OG0003069	XP_015435532.1, XP_015435534.1	XP_017754896.1
OG0003070	XP_015439859.1	XP_017753671.1
OG0003071	XP_015436077.1	XP_017758827.1
OG0003072	XP_015437952.1	XP_017758146.1
OG0003073	XP_015431886.1	XP_017766943.1
OG0003075	XP_015435435.1, XP_015435436.1	XP_017754197.1
OG0003076	XP_015438022.1	XP_017762673.1
OG0003077	XP_015430258.1	XP_017754596.1, XP_017754597.1
OG0003078	XP_015430320.1	XP_017764431.1
OG0003079	XP_015439093.1	XP_017756798.1
OG0003080	XP_015430161.1	XP_017765745.1
OG0003081	XP_015430895.1	XP_017763566.1, XP_017763565.1
OG0003082	XP_015429780.1	XP_017755646.1
OG0003083	XP_015431955.1	XP_017761185.1
OG0003084	XP_015433819.1	XP_017752728.1
OG0003085	XP_015437598.1	XP_017760064.1
OG0003086	XP_015438964.1	XP_017759846.1
OG0003087	XP_015434541.1	XP_017761970.1, XP_017758595.1
OG0003088	XP_015439677.1	XP_017767659.1
OG0003089	XP_015436489.1	XP_017759355.1
OG0003090	XP_015435228.1	XP_017757829.1
OG0003091	XP_015437166.1	XP_017752164.1
OG0003092	XP_015435220.1	XP_017753655.1
OG0003093	XP_015431526.1	XP_017752401.1
OG0003094	XP_015436218.1	XP_017765513.1
OG0003095	XP_015438417.1	XP_017761704.1
OG0003096	XP_015433530.1	XP_017754534.1
OG0003097	XP_015430486.1	XP_017761643.1, XP_017761642.1
OG0003098	XP_015439942.1	XP_017758718.1, XP_017758717.1
OG0003099	XP_015435237.1	XP_017764937.1
OG0003100	XP_015429028.1	XP_017765300.1
OG0003101	XP_015435137.1	XP_017763479.1
OG0003102	XP_015432732.1	XP_017753444.1
OG0003103	XP_015434547.1	XP_017763790.1
OG0003104	XP_015434750.1	XP_017762495.1
OG0003105	XP_015437964.1	XP_017758086.1
OG0003107	XP_015440464.1, XP_015440465.1	XP_017766974.1, XP_017766973.1
OG0003108	XP_015435640.1	XP_017764997.1
OG0003109	XP_015430606.1	XP_017761091.1
OG0003110	XP_015437442.1	XP_017761209.1
OG0003111	XP_015429934.1	XP_017759658.1
OG0003112	XP_015433517.1	XP_017754516.1
OG0003113	XP_015429932.1	XP_017754373.1
OG0003114	XP_015439505.1	XP_017758840.1
OG0003115	XP_015430620.1	XP_017767655.1
OG0003116	XP_015438549.1	XP_017757625.1
OG0003118	XP_015437732.1	XP_017754383.1
OG0003119	XP_015435039.1	XP_017753615.1
OG0003120	XP_015434951.1	XP_017756416.1
OG0003121	XP_015432512.1, XP_015432513.1	XP_017765080.1
OG0003122	XP_015431592.1	XP_017762338.1
OG0003123	XP_015430288.1	XP_017764401.1
OG0003124	XP_015431513.1	XP_017762375.1
OG0003125	XP_015433408.1	XP_017758417.1, XP_017757880.1
OG0003126	XP_015435331.1	XP_017766075.1
OG0003127	XP_015439679.1	XP_017767657.1
OG0003128	XP_015432876.1	XP_017765985.1
OG0003129	XP_015429835.1	XP_017759651.1
OG0003130	XP_015431850.1	XP_017762692.1
OG0003131	XP_015440043.1	XP_017758726.1, XP_017758725.1, XP_017758727.1
OG0003132	XP_015433482.1	XP_017754525.1
OG0003134	XP_015431868.1	XP_017765474.1
OG0003135	XP_015435985.1	XP_017754274.1
OG0003136	XP_015439068.1	XP_017761620.1
OG0003137	XP_015438016.1	XP_017762451.1
OG0003138	XP_015429356.1	XP_017757342.1
OG0003139	XP_015429169.1	XP_017762980.1
OG0003140	XP_015430539.1	XP_017753513.1
OG0003141	XP_015431232.1	XP_017759776.1
OG0003142	XP_015439836.1	XP_017752953.1
OG0003143	XP_015438042.1	XP_017763041.1
OG0003144	XP_015431405.1	XP_017756460.1
OG0003145	XP_015433725.1	XP_017752730.1
OG0003146	XP_015431614.1	XP_017765858.1
OG0003147	XP_015429646.1	XP_017763093.1
OG0003148	XP_015430578.1	XP_017763612.1
OG0003149	XP_015435371.1, XP_015435372.1	XP_017754068.1
OG0003150	XP_015439682.1	XP_017757540.1
OG0003151	XP_015440025.1	XP_017753710.1
OG0003152	XP_015436811.1	XP_017760965.1
OG0003153	XP_015432764.1	XP_017762153.1
OG0003154	XP_015428999.1	XP_017765321.1
OG0003155	XP_015433271.1	XP_017757443.1
OG0003156	XP_015431187.1	XP_017759434.1
OG0003157	XP_015430488.1	XP_017755879.1
OG0003158	XP_015438630.1	XP_017753609.1
OG0003159	XP_015432927.1	XP_017753998.1
OG0003160	XP_015434038.1	XP_017760609.1
OG0003161	XP_015429372.1	XP_017757369.1
OG0003162	XP_015429349.1	XP_017757337.1
OG0003163	XP_015435433.1	XP_017765108.1
OG0003164	XP_015430617.1	XP_017758580.1
OG0003165	XP_015435866.1	XP_017752306.1
OG0003166	XP_015428581.1	XP_017764234.1
OG0003167	XP_015436885.1	XP_017765869.1
OG0003168	XP_015439578.1	XP_017767475.1, XP_017767477.1, XP_017767476.1, XP_017767478.1
OG0003169	XP_015429045.1	XP_017758674.1
OG0003170	XP_015435447.1, XP_015435448.1, XP_015435449.1	XP_017764664.1
OG0003171	XP_015429902.1	XP_017755162.1
OG0003172	XP_015434155.1	XP_017763823.1
OG0003173	XP_015431202.1	XP_017757911.1
OG0003174	XP_015428415.1	XP_017761273.1
OG0003175	XP_015433734.1	XP_017763713.1
OG0003176	XP_015439034.1	XP_017752567.1
OG0003177	XP_015428460.1	XP_017765477.1
OG0003178	XP_015435503.1	XP_017761951.1
OG0003179	XP_015438209.1	XP_017762780.1
OG0003180	XP_015435567.1	XP_017763202.1
OG0003181	XP_015437227.1	XP_017766092.1
OG0003182	XP_015430647.1	XP_017753048.1
OG0003183	XP_015438651.1	XP_017752903.1
OG0003184	XP_015430240.1	XP_017759409.1
OG0003185	XP_015429286.1	XP_017753922.1
OG0003186	XP_015436047.1	XP_017753434.1
OG0003187	XP_015436390.1	XP_017758816.1
OG0003188	XP_015433434.1	XP_017758428.1
OG0003189	XP_015428510.1	XP_017766651.1
OG0003190	XP_015431472.1	XP_017767017.1
OG0003191	XP_015429663.1	XP_017762359.1
OG0003192	XP_015429461.1	XP_017760779.1
OG0003193	XP_015433409.1	XP_017758457.1
OG0003194	XP_015428960.1	XP_017767454.1
OG0003195	XP_015433188.1	XP_017765219.1
OG0003196	XP_015437426.1	XP_017757077.1
OG0003197	XP_015433782.1	XP_017759996.1
OG0003198	XP_015429148.1	XP_017754688.1, XP_017754742.1
OG0003199	XP_015437618.1	XP_017752662.1
OG0003200	XP_015428523.1	XP_017752218.1
OG0003201	XP_015436825.1	XP_017758203.1
OG0003202	XP_015429120.1	XP_017756558.1, XP_017760681.1
OG0003203	XP_015439882.1	XP_017761366.1, XP_017761367.1
OG0003204	XP_015432929.1	XP_017759048.1
OG0003205	XP_015432364.1	XP_017766854.1
OG0003206	XP_015433182.1	XP_017752849.1
OG0003207	XP_015431216.1	XP_017759188.1
OG0003208	XP_015429072.1	XP_017758671.1
OG0003209	XP_015432718.1, XP_015432719.1	XP_017759786.1
OG0003210	XP_015430109.1	XP_017762573.1
OG0003211	XP_015436030.1	XP_017755031.1
OG0003212	XP_015428979.1	XP_017765709.1
OG0003213	XP_015428507.1	XP_017766518.1
OG0003214	XP_015440439.1	XP_017763383.1
OG0003215	XP_015437310.1	XP_017760838.1
OG0003217	XP_015431002.1	XP_017763980.1
OG0003218	XP_015433519.1	XP_017752514.1
OG0003219	XP_015428660.1, XP_015428661.1	XP_017766797.1
OG0003220	XP_015437802.1	XP_017764800.1, XP_017764799.1
OG0003221	XP_015430156.1	XP_017762208.1
OG0003222	XP_015433743.1	XP_017757985.1
OG0003223	XP_015428599.1	XP_017766656.1
OG0003224	XP_015433870.1	XP_017765148.1
OG0003225	XP_015440112.1	XP_017758745.1
OG0003226	XP_015439167.1	XP_017759863.1
OG0003227	XP_015434197.1, XP_015434196.1	XP_017760563.1
OG0003228	XP_015434747.1	XP_017759134.1
OG0003229	XP_015430324.1	XP_017764456.1
OG0003230	XP_015433427.1	XP_017757932.1
OG0003231	XP_015439179.1	XP_017753744.1
OG0003232	XP_015437349.1	XP_017762270.1
OG0003234	XP_015428664.1	XP_017766828.1
OG0003235	XP_015438525.1	XP_017760315.1
OG0003236	XP_015435267.1	XP_017763261.1, XP_017763263.1, XP_017763262.1
OG0003237	XP_015431694.1	XP_017761110.1
OG0003238	XP_015430877.1	XP_017762361.1
OG0003239	XP_015430207.1	XP_017761515.1
OG0003240	XP_015431193.1	XP_017757955.1
OG0003241	XP_015434940.1	XP_017758135.1
OG0003243	XP_015431364.1	XP_017766219.1
OG0003244	XP_015432906.1, XP_015432907.1	XP_017765979.1, XP_017765991.1
OG0003245	XP_015435515.1	XP_017754909.1, XP_017754908.1, XP_017754903.1, XP_017754904.1, XP_017754905.1, XP_017754906.1, XP_017754907.1
OG0003246	XP_015438638.1	XP_017766311.1
OG0003247	XP_015428541.1	XP_017766835.1
OG0003248	XP_015436152.1	XP_017759248.1
OG0003249	XP_015433396.1, XP_015433395.1	XP_017757618.1
OG0003250	XP_015434905.1	XP_017753845.1
OG0003251	XP_015429084.1	XP_017765707.1, XP_017765706.1
OG0003252	XP_015440520.1	XP_017760718.1
OG0003253	XP_015433504.1	XP_017763610.1
OG0003254	XP_015437387.1, XP_015437390.1, XP_015437388.1	XP_017761439.1
OG0003255	XP_015431415.1	XP_017764124.1
OG0003255	XP_015431272.1	XP_017764129.1, XP_017764128.1, XP_017764127.1
OG0003256	XP_015430977.1, XP_015430978.1	XP_017764578.1
OG0003257	XP_015435354.1	XP_017764674.1
OG0003258	XP_015437515.1	XP_017752558.1, XP_017752556.1, XP_017752557.1
OG0003259	XP_015437455.1	XP_017756247.1
OG0003261	XP_015436682.1	XP_017763029.1
OG0003262	XP_015433851.1	XP_017765168.1, XP_017765167.1, XP_017765166.1
OG0003263	XP_015435192.1	XP_017758232.1
OG0003264	XP_015438995.1	XP_017759856.1
OG0003265	XP_015435382.1	XP_017754443.1
OG0003266	XP_015430840.1	XP_017765585.1
OG0003267	XP_015440139.1	XP_017752837.1
OG0003268	XP_015431126.1	XP_017763982.1
OG0003269	XP_015432935.1, XP_015432934.1	XP_017754194.1
OG0003270	XP_015438384.1	XP_017758336.1
OG0003271	XP_015429230.1	XP_017763476.1
OG0003272	XP_015431519.1	XP_017759498.1
OG0003273	XP_015435481.1	XP_017754786.1
OG0003274	XP_015439891.1	XP_017759459.1
OG0003275	XP_015440227.1	XP_017758229.1
OG0003276	XP_015432055.1	XP_017766466.1
OG0003277	XP_015434506.1	XP_017762762.1, XP_017762761.1
OG0003278	XP_015435130.1	XP_017753656.1
OG0003279	XP_015429865.1	XP_017764364.1
OG0003280	XP_015439955.1	XP_017757580.1
OG0003281	XP_015432379.1	XP_017766577.1
OG0003282	XP_015437020.1	XP_017760725.1
OG0003283	XP_015431208.1	XP_017757973.1
OG0003284	XP_015437724.1	XP_017755185.1
OG0003285	XP_015440377.1	XP_017761054.1
OG0003286	XP_015428790.1	XP_017755126.1
OG0003287	XP_015436937.1, XP_015436936.1	XP_017767348.1
OG0003288	XP_015433397.1, XP_015433398.1	XP_017757516.1
OG0003289	XP_015430487.1	XP_017764166.1, XP_017764165.1
OG0003290	XP_015432056.1	XP_017761736.1
OG0003291	XP_015428625.1	XP_017766837.1, XP_017766838.1
OG0003292	XP_015429941.1	XP_017764903.1
OG0003293	XP_015433372.1	XP_017757542.1
OG0003294	XP_015434314.1	XP_017752391.1
OG0003295	XP_015438000.1	XP_017761337.1
OG0003296	XP_015430602.1	XP_017758549.1
OG0003297	XP_015438192.1	XP_017753144.1
OG0003298	XP_015432037.1	XP_017761729.1
OG0003299	XP_015430681.1	XP_017757220.1
OG0003300	XP_015430727.1	XP_017756223.1
OG0003302	XP_015439103.1	XP_017759854.1
OG0003303	XP_015432079.1	XP_017763818.1
OG0003304	XP_015433565.1	XP_017767558.1
OG0003305	XP_015433515.1, XP_015433514.1	XP_017752539.1
OG0003306	XP_015439618.1	XP_017759753.1
OG0003307	XP_015431358.1, XP_015431361.1	XP_017757857.1
OG0003308	XP_015432733.1	XP_017762116.1
OG0003309	XP_015436171.1	XP_017761810.1
OG0003310	XP_015433027.1	XP_017761149.1
OG0003311	XP_015434321.1	XP_017764821.1
OG0003312	XP_015435533.1	XP_017755520.1
OG0003313	XP_015428575.1	XP_017766599.1
OG0003314	XP_015435575.1	XP_017754832.1
OG0003315	XP_015428597.1	XP_017766648.1, XP_017766650.1
OG0003316	XP_015438526.1	XP_017758466.1
OG0003317	XP_015436662.1	XP_017767615.1
OG0003318	XP_015432006.1, XP_015432008.1	XP_017761188.1, XP_017761187.1
OG0003319	XP_015436792.1	XP_017758932.1
OG0003320	XP_015437654.1	XP_017767359.1
OG0003321	XP_015435838.1	XP_017757322.1
OG0003322	XP_015431856.1	XP_017763956.1
OG0003323	XP_015437662.1	XP_017761477.1
OG0003324	XP_015435735.1	XP_017753560.1
OG0003325	XP_015429174.1	XP_017765718.1
OG0003326	XP_015431604.1	XP_017759763.1, XP_017759766.1
OG0003327	XP_015435874.1	XP_017755421.1
OG0003328	XP_015437565.1	XP_017763755.1, XP_017763772.1, XP_017763764.1
OG0003329	XP_015439536.1	XP_017759228.1
OG0003330	XP_015439436.1	XP_017753864.1
OG0003331	XP_015430689.1	XP_017767456.1
OG0003332	XP_015439416.1	XP_017753940.1
OG0003333	XP_015438107.1	XP_017753216.1
OG0003334	XP_015437653.1	XP_017767360.1
OG0003335	XP_015438669.1	XP_017752932.1
OG0003336	XP_015429267.1	XP_017752678.1
OG0003339	XP_015429234.1	XP_017760281.1
OG0003340	XP_015436594.1	XP_017763936.1
OG0003341	XP_015433810.1	XP_017752745.1
OG0003342	XP_015436493.1	XP_017767226.1
OG0003343	XP_015439391.1	XP_017762048.1
OG0003344	XP_015434696.1	XP_017765276.1
OG0003345	XP_015435504.1	XP_017758741.1
OG0003346	XP_015428466.1	XP_017753580.1
OG0003347	XP_015431745.1	XP_017763689.1
OG0003348	XP_015434491.1	XP_017754995.1
OG0003349	XP_015436180.1	XP_017755156.1
OG0003350	XP_015433321.1, XP_015433320.1	XP_017757464.1
OG0003351	XP_015431254.1	XP_017756470.1
OG0003352	XP_015439079.1	XP_017767240.1, XP_017767241.1
OG0003353	XP_015434690.1	XP_017753537.1
OG0003354	XP_015438521.1	XP_017758443.1, XP_017758101.1
OG0003355	XP_015436207.1	XP_017755791.1
OG0003356	XP_015430309.1	XP_017754653.1
OG0003357	XP_015433381.1	XP_017767724.1
OG0003358	XP_015429778.1	XP_017755576.1
OG0003359	XP_015437243.1	XP_017759457.1
OG0003360	XP_015432997.1	XP_017753065.1
OG0003361	XP_015435427.1	XP_017763705.1
OG0003362	XP_015435578.1	XP_017758990.1
OG0003363	XP_015429146.1	XP_017758673.1
OG0003364	XP_015437644.1	XP_017767317.1
OG0003365	XP_015435835.1, XP_015435836.1, XP_015435837.1	XP_017752402.1
OG0003366	XP_015439544.1	XP_017762652.1
OG0003367	XP_015434308.1, XP_015430185.1	XP_017758064.1
OG0003369	XP_015439725.1	XP_017758711.1
OG0003370	XP_015435014.1	XP_017755211.1
OG0003371	XP_015432360.1	XP_017764637.1
OG0003372	XP_015434312.1	XP_017754326.1
OG0003373	XP_015437531.1	XP_017755998.1
OG0003374	XP_015439718.1	XP_017761342.1
OG0003375	XP_015437510.1	XP_017764529.1
OG0003376	XP_015431471.1	XP_017766389.1
OG0003377	XP_015435243.1	XP_017754324.1
OG0003378	XP_015432128.1	XP_017759721.1
OG0003379	XP_015428535.1	XP_017766588.1
OG0003380	XP_015432686.1	XP_017761783.1, XP_017759822.1
OG0003381	XP_015429119.1	XP_017765712.1
OG0003382	XP_015434917.1	XP_017762058.1
OG0003383	XP_015439119.1	XP_017752586.1
OG0003384	XP_015432399.1, XP_015432398.1	XP_017766642.1
OG0003385	XP_015432986.1	XP_017766020.1
OG0003386	XP_015438971.1	XP_017759869.1
OG0003387	XP_015432256.1	XP_017766380.1
OG0003388	XP_015428558.1	XP_017766544.1
OG0003390	XP_015432235.1	XP_017752937.1
OG0003391	XP_015431040.1	XP_017757967.1
OG0003392	XP_015437532.1	XP_017752800.1
OG0003393	XP_015438326.1	XP_017763287.1, XP_017763271.1, XP_017763294.1, XP_017763279.1
OG0003394	XP_015431505.1	XP_017762371.1
OG0003395	XP_015428619.1	XP_017765480.1
OG0003396	XP_015432373.1	XP_017766669.1
OG0003397	XP_015438680.1	XP_017767126.1
OG0003398	XP_015431094.1	XP_017759164.1
OG0003399	XP_015440011.1, XP_015440012.1	XP_017761373.1
OG0003400	XP_015434216.1	XP_017756794.1
OG0003401	XP_015440374.1	XP_017767773.1
OG0003402	XP_015436485.1	XP_017759346.1
OG0003403	XP_015438819.1	XP_017760413.1
OG0003404	XP_015430871.1	XP_017764828.1
OG0003405	XP_015435000.1	XP_017756399.1
OG0003406	XP_015430825.1	XP_017757206.1
OG0003407	XP_015428426.1	XP_017756676.1
OG0003408	XP_015431793.1	XP_017761104.1
OG0003409	XP_015437003.1	XP_017760459.1
OG0003410	XP_015430149.1	XP_017752120.1
OG0003411	XP_015435339.1	XP_017763269.1
OG0003412	XP_015437795.1	XP_017760943.1
OG0003413	XP_015437616.1	XP_017759742.1
OG0003414	XP_015432724.1	XP_017762096.1
OG0003415	XP_015438775.1	XP_017761962.1
OG0003416	XP_015434195.1	XP_017760560.1
OG0003417	XP_015429733.1	XP_017764503.1
OG0003418	XP_015434289.1	XP_017759489.1
OG0003419	XP_015437750.1	XP_017760791.1
OG0003420	XP_015438757.1	XP_017760460.1
OG0003421	XP_015429579.1	XP_017756759.1
OG0003422	XP_015433259.1	XP_017762027.1
OG0003423	XP_015435830.1	XP_017767051.1
OG0003424	XP_015428950.1	XP_017767462.1
OG0003425	XP_015438063.1	XP_017755560.1
OG0003426	XP_015439380.1	XP_017753118.1
OG0003428	XP_015430351.1	XP_017754616.1
OG0003430	XP_015429216.1	XP_017762616.1
OG0003431	XP_015433095.1	XP_017765532.1
OG0003432	XP_015429570.1	XP_017756764.1
OG0003433	XP_015436691.1	XP_017763090.1
OG0003434	XP_015431484.1	XP_017752360.1
OG0003435	XP_015437414.1	XP_017761184.1
OG0003436	XP_015438319.1	XP_017759091.1
OG0003437	XP_015432068.1	XP_017758607.1, XP_017761969.1
OG0003438	XP_015439851.1	XP_017757471.1
OG0003439	XP_015428825.1	XP_017763126.1
OG0003441	XP_015435752.1	XP_017753529.1
OG0003442	XP_015435576.1	XP_017754802.1
OG0003443	XP_015431634.1	XP_017756596.1
OG0003444	XP_015432786.1	XP_017757766.1
OG0003445	XP_015440178.1	XP_017761072.1
OG0003446	XP_015434746.1	XP_017755348.1
OG0003447	XP_015435725.1	XP_017755473.1
OG0003448	XP_015429919.1	XP_017763853.1
OG0003449	XP_015434505.1	XP_017763792.1
OG0003450	XP_015431470.1	XP_017752384.1
OG0003451	XP_015431647.1	XP_017759767.1
OG0003452	XP_015436262.1	XP_017753309.1
OG0003453	XP_015433872.1	XP_017763728.1
OG0003454	XP_015431076.1	XP_017757900.1
OG0003455	XP_015435133.1	XP_017763450.1
OG0003456	XP_015431833.1	XP_017765473.1
OG0003457	XP_015437094.1	XP_017764267.1
OG0003458	XP_015434893.1	XP_017753806.1
OG0003459	XP_015436293.1	XP_017765613.1, XP_017765606.1
OG0003460	XP_015429482.1	XP_017761269.1
OG0003461	XP_015439199.1	XP_017759900.1
OG0003462	XP_015435559.1	XP_017754837.1
OG0003463	XP_015438570.1	XP_017759044.1
OG0003464	XP_015435329.1	XP_017754025.1
OG0003465	XP_015430316.1	XP_017764416.1
OG0003466	XP_015430956.1	XP_017764558.1
OG0003467	XP_015435954.1	XP_017763064.1
OG0003468	XP_015438657.1	XP_017761411.1
OG0003469	XP_015440208.1	XP_017757486.1
OG0003471	XP_015438061.1	XP_017763466.1
OG0003472	XP_015434252.1	XP_017752341.1
OG0003473	XP_015440466.1	XP_017754407.1
OG0003474	XP_015438082.1	XP_017763677.1
OG0003475	XP_015431138.1	XP_017755729.1
OG0003476	XP_015434873.1	XP_017753876.1
OG0003477	XP_015431303.1	XP_017766168.1
OG0003478	XP_015430460.1	XP_017758983.1
OG0003479	XP_015433438.1	XP_017758468.1
OG0003480	XP_015428847.1	XP_017754439.1
OG0003481	XP_015428942.1	XP_017767532.1
OG0003482	XP_015437149.1	XP_017766093.1
OG0003483	XP_015433311.1	XP_017767731.1
OG0003484	XP_015431986.1	XP_017758331.1
OG0003485	XP_015440052.1	XP_017755641.1
OG0003486	XP_015429060.1	XP_017765303.1
OG0003487	XP_015437453.1	XP_017756279.1
OG0003488	XP_015439695.1	XP_017755235.1
OG0003489	XP_015435272.1	XP_017764656.1
OG0003490	XP_015430573.1	XP_017761651.1
OG0003491	XP_015437072.1	XP_017759615.1
OG0003492	XP_015435124.1	XP_017755942.1
OG0003493	XP_015437357.1	XP_017760802.1
OG0003494	XP_015429862.1	XP_017762774.1
OG0003495	XP_015437971.1	XP_017758173.1
OG0003496	XP_015438038.1	XP_017762815.1
OG0003497	XP_015432851.1	XP_017753999.1
OG0003498	XP_015430509.1	XP_017753359.1
OG0003499	XP_015429478.1, XP_015429469.1	XP_017761290.1
OG0003500	XP_015436616.1	XP_017764511.1
OG0003501	XP_015429571.1	XP_017752679.1
OG0003502	XP_015433871.1	XP_017765149.1
OG0003503	XP_015434257.1	XP_017752420.1
OG0003504	XP_015432682.1	XP_017762092.1
OG0003506	XP_015429154.1	XP_017762970.1
OG0003507	XP_015439164.1	XP_017763206.1
OG0003508	XP_015440485.1	XP_017761504.1
OG0003509	XP_015432910.1	XP_017766374.1
OG0003510	XP_015435412.1	XP_017764858.1
OG0003511	XP_015434731.1	XP_017759146.1
OG0003512	XP_015439634.1	XP_017763718.1
OG0003513	XP_015428898.1	XP_017767528.1
OG0003514	XP_015435486.1	XP_017764604.1
OG0003515	XP_015439909.1	XP_017758760.1, XP_017758761.1
OG0003516	XP_015429745.1	XP_017762845.1, XP_017762843.1, XP_017762844.1
OG0003517	XP_015437385.1	XP_017762320.1, XP_017762319.1
OG0003518	XP_015437341.1, XP_015437342.1	XP_017760839.1
OG0003519	XP_015428967.1	XP_017752501.1
OG0003520	XP_015437838.1	XP_017758004.1
OG0003521	XP_015431234.1	XP_017759204.1
OG0003522	XP_015428770.1	XP_017755110.1
OG0003523	XP_015437001.1	XP_017760461.1
OG0003524	XP_015437470.1	XP_017752549.1
OG0003525	XP_015432588.1	XP_017760534.1
OG0003526	XP_015438990.1	XP_017762870.1
OG0003527	XP_015431743.1	XP_017758577.1
OG0003528	XP_015439180.1	XP_017760604.1
OG0003529	XP_015437826.1	XP_017764341.1
OG0003530	XP_015439408.1	XP_017763011.1
OG0003532	XP_015428852.1, XP_015438139.1	XP_017759274.1
OG0003533	XP_015434677.1	XP_017764265.1
OG0003534	XP_015437936.1	XP_017765784.1
OG0003535	XP_015433783.1	XP_017759104.1, XP_017759105.1
OG0003536	XP_015436317.1	XP_017765645.1
OG0003537	XP_015436968.1	XP_017752240.1, XP_017752239.1
OG0003538	XP_015436113.1	XP_017758788.1
OG0003539	XP_015432991.1	XP_017754086.1
OG0003541	XP_015437343.1	XP_017760834.1
OG0003542	XP_015431631.1	XP_017756240.1
OG0003543	XP_015434002.1	XP_017756351.1
OG0003544	XP_015438671.1	XP_017752935.1, XP_017752934.1
OG0003545	XP_015432397.1	XP_017766567.1
OG0003546	XP_015430112.1	XP_017755686.1
OG0003547	XP_015431728.1	XP_017754639.1
OG0003548	XP_015438713.1	XP_017760185.1
OG0003549	XP_015438496.1	XP_017758182.1
OG0003550	XP_015431630.1	XP_017756215.1
OG0003551	XP_015439113.1	XP_017752579.1
OG0003552	XP_015436024.1	XP_017758003.1
OG0003553	XP_015431432.1	XP_017764120.1
OG0003554	XP_015428772.1	XP_017759510.1
OG0003555	XP_015432619.1	XP_017766250.1
OG0003557	XP_015433360.1	XP_017755596.1
OG0003558	XP_015436540.1, XP_015436541.1	XP_017759023.1
OG0003559	XP_015431227.1	XP_017758215.1
OG0003560	XP_015439289.1	XP_017764676.1, XP_017764677.1
OG0003561	XP_015436466.1	XP_017767172.1
OG0003562	XP_015430369.1	XP_017764435.1
OG0003563	XP_015429184.1	XP_017753721.1
OG0003564	XP_015428544.1	XP_017766555.1
OG0003565	XP_015429430.1	XP_017762701.1
OG0003566	XP_015434101.1	XP_017760595.1
OG0003567	XP_015440069.1	XP_017761370.1
OG0003568	XP_015437024.1	XP_017760927.1
OG0003569	XP_015437033.1	XP_017760949.1
OG0003570	XP_015439110.1	XP_017767161.1, XP_017767168.1
OG0003571	XP_015438377.1	XP_017752821.1
OG0003572	XP_015433180.1	XP_017753793.1, XP_017753792.1
OG0003573	XP_015430833.1	XP_017758624.1
OG0003574	XP_015438724.1	XP_017764235.1
OG0003575	XP_015431847.1	XP_017755977.1
OG0003576	XP_015428925.1, XP_015428924.1	XP_017767396.1
OG0003577	XP_015431325.1	XP_017766220.1
OG0003578	XP_015434992.1	XP_017756409.1, XP_017756410.1
OG0003579	XP_015430088.1	XP_017759603.1
OG0003580	XP_015433500.1	XP_017752487.1
OG0003581	XP_015431976.1	XP_017764024.1, XP_017764025.1
OG0003582	XP_015431922.1	XP_017766356.1
OG0003583	XP_015434358.1	XP_017755380.1, XP_017755377.1
OG0003584	XP_015430919.1	XP_017764306.1
OG0003585	XP_015431183.1	XP_017759213.1
OG0003586	XP_015430790.1	XP_017758600.1
OG0003587	XP_015431144.1	XP_017757931.1
OG0003588	XP_015440149.1	XP_017765913.1, XP_017765902.1, XP_017765884.1, XP_017765893.1
OG0003589	XP_015431951.1	XP_017753620.1
OG0003591	XP_015439486.1	XP_017763343.1
OG0003592	XP_015431063.1, XP_015431071.1	XP_017758332.1
OG0003593	XP_015432057.1	XP_017759505.1
OG0003595	XP_015436029.1	XP_017759470.1
OG0003596	XP_015435996.1	XP_017754252.1
OG0003597	XP_015432646.1	XP_017766450.1
OG0003598	XP_015436156.1	XP_017755058.1
OG0003599	XP_015436286.1	XP_017756907.1
OG0003600	XP_015431952.1	XP_017753632.1
OG0003601	XP_015440005.1	XP_017755238.1
OG0003602	XP_015433616.1	XP_017753000.1
OG0003603	XP_015437380.1	XP_017760846.1
OG0003604	XP_015432258.1	XP_017756149.1
OG0003605	XP_015434549.1	XP_017755014.1
OG0003606	XP_015433714.1	XP_017757682.1
OG0003607	XP_015436229.1	XP_017753162.1, XP_017753163.1, XP_017753164.1, XP_017753165.1
OG0003608	XP_015430674.1	XP_017757138.1
OG0003609	XP_015437140.1	XP_017765338.1, XP_017758776.1
OG0003610	XP_015435879.1	XP_017755375.1
OG0003611	XP_015437417.1	XP_017762327.1
OG0003612	XP_015432415.1	XP_017765037.1
OG0003613	XP_015433711.1	XP_017764872.1
OG0003614	XP_015431485.1	XP_017756078.1
OG0003615	XP_015439772.1	XP_017758738.1
OG0003616	XP_015440530.1	XP_017761474.1
OG0003617	XP_015428500.1	XP_017753599.1, XP_017753597.1
OG0003618	XP_015436809.1	XP_017753965.1
OG0003619	XP_015431321.1	XP_017766241.1
OG0003620	XP_015436877.1	XP_017756204.1
OG0003621	XP_015433312.1	XP_017765803.1
OG0003622	XP_015430261.1	XP_017754601.1
OG0003623	XP_015436425.1	XP_017764370.1, XP_017764369.1, XP_017764368.1
OG0003624	XP_015430859.1	XP_017756532.1
OG0003625	XP_015428734.1	XP_017756683.1
OG0003626	XP_015432431.1	XP_017765076.1
OG0003627	XP_015433598.1	XP_017752495.1
OG0003628	XP_015431235.1	XP_017755747.1
OG0003629	XP_015437983.1	XP_017761847.1
OG0003630	XP_015428683.1	XP_017755080.1
OG0003631	XP_015435913.1	XP_017755387.1
OG0003632	XP_015439464.1	XP_017756894.1
OG0003633	XP_015431644.1	XP_017758571.1
OG0003634	XP_015428680.1	XP_017755109.1
OG0003635	XP_015436767.1	XP_017766094.1
OG0003636	XP_015428571.1	XP_017766600.1
OG0003637	XP_015428970.1	XP_017757059.1
OG0003638	XP_015431288.1	XP_017757850.1
OG0003639	XP_015437010.1	XP_017766969.1
OG0003640	XP_015437293.1	XP_017760885.1
OG0003641	XP_015433496.1	XP_017752517.1
OG0003642	XP_015429408.1	XP_017756629.1
OG0003643	XP_015428516.1	XP_017766759.1
OG0003644	XP_015438976.1	XP_017759865.1
OG0003645	XP_015431589.1	XP_017752409.1
OG0003646	XP_015431123.1	XP_017764953.1
OG0003647	XP_015433692.1	XP_017764966.1
OG0003648	XP_015434050.1	XP_017760596.1
OG0003649	XP_015432653.1	XP_017762198.1
OG0003650	XP_015435789.1	XP_017767003.1, XP_017767002.1, XP_017767054.1
OG0003651	XP_015440024.1	XP_017757504.1
OG0003652	XP_015431449.1	XP_017766391.1
OG0003653	XP_015435840.1	XP_017757380.1
OG0003654	XP_015431267.1	XP_017766351.1
OG0003655	XP_015436832.1	XP_017762562.1
OG0003656	XP_015432564.1	XP_017762928.1
OG0003657	XP_015428450.1	XP_017762134.1
OG0003658	XP_015437486.1	XP_017760495.1
OG0003661	XP_015436102.1	XP_017755810.1
OG0003662	XP_015436778.1	XP_017758929.1
OG0003663	XP_015434394.1, XP_015434392.1, XP_015434393.1	XP_017755001.1
OG0003664	XP_015432053.1	XP_017761740.1, XP_017761742.1
OG0003665	XP_015438664.1	XP_017766111.1
OG0003666	XP_015431962.1	XP_017761701.1
OG0003667	XP_015433744.1	XP_017757928.1
OG0003668	XP_015440514.1	XP_017760799.1
OG0003669	XP_015438029.1	XP_017766654.1
OG0003670	XP_015438803.1	XP_017761440.1
OG0003671	XP_015435475.1	XP_017755434.1
OG0003672	XP_015440134.1	XP_017757544.1
OG0003673	XP_015428479.1	XP_017763290.1
OG0003674	XP_015440528.1	XP_017761911.1
OG0003675	XP_015432031.1	XP_017766418.1
OG0003676	XP_015436748.1, XP_015436749.1	XP_017766293.1
OG0003677	XP_015439959.1	XP_017757467.1
OG0003678	XP_015431908.1	XP_017761237.1
OG0003679	XP_015429891.1	XP_017754402.1
OG0003680	XP_015438587.1, XP_015438584.1	XP_017758404.1, XP_017758429.1
OG0003681	XP_015429232.1	XP_017763510.1
OG0003682	XP_015433441.1	XP_017758544.1, XP_017758562.1
OG0003683	XP_015433979.1	XP_017756332.1
OG0003684	XP_015439232.1	XP_017762866.1
OG0003685	XP_015439229.1	XP_017762888.1
OG0003686	XP_015440383.1	XP_017752181.1
OG0003687	XP_015435391.1	XP_017754079.1
OG0003688	XP_015439431.1	XP_017758044.1
OG0003689	XP_015432532.1	XP_017758354.1
OG0003690	XP_015440136.1	XP_017762030.1
OG0003691	XP_015429581.1	XP_017752671.1, XP_017752673.1
OG0003692	XP_015430673.1	XP_017760069.1
OG0003693	XP_015438607.1, XP_015438606.1	XP_017758190.1, XP_017758449.1
OG0003694	XP_015437685.1	XP_017766543.1
OG0003695	XP_015432630.1	XP_017766425.1, XP_017766043.1
OG0003696	XP_015431810.1	XP_017758020.1
OG0003697	XP_015428422.1	XP_017753570.1
OG0003698	XP_015434627.1	XP_017766876.1
OG0003699	XP_015437939.1	XP_017758099.1
OG0003700	XP_015437712.1	XP_017760955.1
OG0003701	XP_015435462.1	XP_017754036.1
OG0003703	XP_015440006.1	XP_017757515.1
OG0003704	XP_015435651.1	XP_017760454.1
OG0003705	XP_015430524.1	XP_017761644.1
OG0003706	XP_015438940.1	XP_017763172.1
OG0003706	XP_015439127.1	XP_017763240.1
OG0003709	XP_015430685.1	XP_017760082.1
OG0003710	XP_015435884.1	XP_017752431.1
OG0003711	XP_015432731.1	XP_017762145.1
OG0003712	XP_015438413.1	XP_017757638.1, XP_017757646.1
OG0003713	XP_015433642.1	XP_017764813.1
OG0003714	XP_015435978.1	XP_017754283.1
OG0003715	XP_015429927.1	XP_017764914.1
OG0003717	XP_015429078.1	XP_017754733.1
OG0003718	XP_015433461.1	XP_017763836.1
OG0003719	XP_015428883.1	XP_017767338.1
OG0003720	XP_015433604.1	XP_017766540.1
OG0003721	XP_015433493.1	XP_017763660.1
OG0003722	XP_015429819.1	XP_017765432.1
OG0003723	XP_015432972.1	XP_017756365.1
OG0003724	XP_015433266.1, XP_015433811.1	XP_017758966.1
OG0003725	XP_015430368.1	XP_017754629.1, XP_017754628.1
OG0003726	XP_015433319.1	XP_017755653.1
OG0003727	XP_015431541.1	XP_017752317.1
OG0003728	XP_015433368.1	XP_017757545.1
OG0003729	XP_015428880.1, XP_015428879.1	XP_017767373.1
OG0003730	XP_015431404.1	XP_017756479.1
OG0003731	XP_015435927.1	XP_017755386.1
OG0003732	XP_015430165.1	XP_017765537.1
OG0003733	XP_015438341.1	XP_017767434.1
OG0003734	XP_015439035.1	XP_017759873.1
OG0003735	XP_015437965.1	XP_017765777.1, XP_017765778.1
OG0003736	XP_015429347.1	XP_017757321.1
OG0003737	XP_015438242.1	XP_017762801.1
OG0003738	XP_015439950.1	XP_017752723.1
OG0003739	XP_015435633.1	XP_017753815.1
OG0003740	XP_015439407.1	XP_017753825.1
OG0003741	XP_015429978.1	XP_017756997.1
OG0003742	XP_015436901.1	XP_017767369.1
OG0003743	XP_015435174.1	XP_017764573.1
OG0003744	XP_015435765.1	XP_017756233.1
OG0003745	XP_015433674.1, XP_015433673.1	XP_017755566.1
OG0003746	XP_015440163.1	XP_017767711.1
OG0003747	XP_015431731.1	XP_017761100.1
OG0003748	XP_015438796.1	XP_017760847.1
OG0003749	XP_015432788.1	XP_017757777.1
OG0003750	XP_015438527.1, XP_015438528.1	XP_017758067.1
OG0003751	XP_015439571.1	XP_017767319.1
OG0003752	XP_015439627.1	XP_017763722.1
OG0003753	XP_015430903.1, XP_015430904.1	XP_017754939.1
OG0003754	XP_015439129.1	XP_017763200.1
OG0003755	XP_015435051.1	XP_017760018.1
OG0003756	XP_015439951.1	XP_017761364.1
OG0003757	XP_015439399.1	XP_017753833.1
OG0003758	XP_015430782.1	XP_017757182.1
OG0003759	XP_015433100.1	XP_017764609.1
OG0003760	XP_015431529.1	XP_017759502.1
OG0003761	XP_015434542.1	XP_017763766.1
OG0003762	XP_015434324.1	XP_017752363.1
OG0003763	XP_015432441.1	XP_017765090.1
OG0003764	XP_015438663.1	XP_017753430.1
OG0003765	XP_015432208.1	XP_017761010.1
OG0003766	XP_015431593.1	XP_017766488.1
OG0003767	XP_015439798.1	XP_017755636.1
OG0003768	XP_015431559.1	XP_017762353.1
OG0003769	XP_015433437.1	XP_017758452.1
OG0003770	XP_015434650.1	XP_017753558.1
OG0003772	XP_015439999.1	XP_017757491.1
OG0003774	XP_015432348.1	XP_017766819.1
OG0003775	XP_015432635.1	XP_017766095.1
OG0003776	XP_015432726.1	XP_017762083.1
OG0003777	XP_015436297.1	XP_017755772.1
OG0003778	XP_015432984.1	XP_017754193.1
OG0003779	XP_015432961.1	XP_017756315.1
OG0003780	XP_015438992.1	XP_017762880.1
OG0003781	XP_015429240.1	XP_017762603.1
OG0003782	XP_015429227.1	XP_017760287.1
OG0003783	XP_015432498.1	XP_017764951.1
OG0003784	XP_015428634.1	XP_017766793.1
OG0003785	XP_015438667.1	XP_017753442.1
OG0003787	XP_015436338.1	XP_017761823.1
OG0003788	XP_015432753.1	XP_017760024.1
OG0003789	XP_015434266.1	XP_017752353.1
OG0003790	XP_015435466.1	XP_017754080.1
OG0003791	XP_015439023.1	XP_017760664.1
OG0003792	XP_015438719.1	XP_017761725.1
OG0003793	XP_015432974.1	XP_017759140.1
OG0003794	XP_015438530.1	XP_017758387.1
OG0003795	XP_015430174.1	XP_017758041.1
OG0003796	XP_015430574.1	XP_017761653.1, XP_017761652.1
OG0003797	XP_015439669.1	XP_017757517.1
OG0003798	XP_015440132.1	XP_017758257.1
OG0003799	XP_015434357.1	XP_017755356.1, XP_017755379.1
OG0003800	XP_015434122.1	XP_017759364.1
OG0003801	XP_015438677.1	XP_017752922.1
OG0003803	XP_015435236.1	XP_017764936.1
OG0003804	XP_015429414.1	XP_017760230.1, XP_017760229.1
OG0003805	XP_015435328.1	XP_017764272.1
OG0003806	XP_015428955.1, XP_015428947.1, XP_015428939.1	XP_017762467.1
OG0003807	XP_015434137.1	XP_017759407.1
OG0003808	XP_015432199.1	XP_017756115.1
OG0003809	XP_015429083.1	XP_017754726.1
OG0003810	XP_015440241.1	XP_017764929.1
OG0003811	XP_015436051.1	XP_017764084.1
OG0003812	XP_015432342.1	XP_017766850.1
OG0003813	XP_015431495.1	XP_017757325.1
OG0003814	XP_015439267.1	XP_017761551.1
OG0003815	XP_015428412.1	XP_017754434.1
OG0003816	XP_015440534.1	XP_017763405.1
OG0003817	XP_015437722.1	XP_017754345.1
OG0003818	XP_015428457.1	XP_017753586.1
OG0003819	XP_015439364.1	XP_017752853.1
OG0003820	XP_015437780.1	XP_017754371.1
OG0003821	XP_015432346.1	XP_017766721.1
OG0003822	XP_015429594.1	XP_017763049.1, XP_017763050.1
OG0003823	XP_015431201.1	XP_017755072.1
OG0003824	XP_015435262.1	XP_017754030.1
OG0003825	XP_015435998.1	XP_017754255.1
OG0003826	XP_015435268.1	XP_017763256.1
OG0003827	XP_015429982.1	XP_017757637.1
OG0003828	XP_015434528.1	XP_017755011.1, XP_017755012.1
OG0003829	XP_015434476.1	XP_017763149.1
OG0003830	XP_015433987.1	XP_017762234.1
OG0003831	XP_015439058.1	XP_017759874.1
OG0003832	XP_015438739.1	XP_017760225.1
OG0003833	XP_015432692.1	XP_017762088.1
OG0003834	XP_015434375.1, XP_015434376.1	XP_017764833.1
OG0003835	XP_015436320.1	XP_017759552.1, XP_017759478.1
OG0003837	XP_015430736.1	XP_017765870.1
OG0003838	XP_015429343.1	XP_017765305.1
OG0003839	XP_015430933.1	XP_017764315.1
OG0003840	XP_015428801.1	XP_017759554.1
OG0003841	XP_015429147.1	XP_017765682.1
OG0003842	XP_015432271.1	XP_017763735.1
OG0003843	XP_015437436.1	XP_017752227.1
OG0003844	XP_015431243.1	XP_017761181.1
OG0003845	XP_015429312.1	XP_017764779.1
OG0003846	XP_015435847.1	XP_017755364.1
OG0003847	XP_015439756.1	XP_017767310.1
OG0003848	XP_015439980.1, XP_015432114.1	XP_017757513.1
OG0003849	XP_015432402.1	XP_017766559.1
OG0003850	XP_015428920.1	XP_017764739.1
OG0003851	XP_015436674.1	XP_017757751.1
OG0003852	XP_015433724.1	XP_017763712.1
OG0003853	XP_015428512.1, XP_015428521.1	XP_017766652.1
OG0003854	XP_015432120.1	XP_017762631.1, XP_017762630.1, XP_017752907.1
OG0003855	XP_015439507.1	XP_017758828.1
OG0003856	XP_015434886.1	XP_017753843.1
OG0003857	XP_015429569.1	XP_017753951.1
OG0003858	XP_015435027.1	XP_017758094.1
OG0003859	XP_015437154.1	XP_017766113.1
OG0003860	XP_015435046.1	XP_017765726.1
OG0003861	XP_015436306.1	XP_017765644.1
OG0003862	XP_015428446.1	XP_017762203.1, XP_017762202.1, XP_017762204.1
OG0003863	XP_015431351.1	XP_017754241.1
OG0003864	XP_015437214.1	XP_017758926.1
OG0003865	XP_015439386.1	XP_017763006.1
OG0003866	XP_015433094.1	XP_017760297.1
OG0003867	XP_015437198.1	XP_017752169.1, XP_017752168.1
OG0003868	XP_015428875.1	XP_017767368.1, XP_017767367.1
OG0003869	XP_015440535.1	XP_017755561.1, XP_017755562.1
OG0003870	XP_015434971.1	XP_017755482.1
OG0003871	XP_015437257.1	XP_017763465.1
OG0003873	XP_015429490.1	XP_017757645.1
OG0003874	XP_015433365.1	XP_017757474.1
OG0003875	XP_015435086.1	XP_017755920.1
OG0003876	XP_015431939.1	XP_017761706.1
OG0003877	XP_015428573.1	XP_017766858.1, XP_017766859.1
OG0003878	XP_015437794.1	XP_017760932.1
OG0003879	XP_015436189.1	XP_017756893.1
OG0003880	XP_015435464.1	XP_017754343.1
OG0003881	XP_015440220.1	XP_017755297.1
OG0003882	XP_015429782.1	XP_017755635.1
OG0003883	XP_015430923.1	XP_017762378.1
OG0003884	XP_015439739.1	XP_017753659.1
OG0003885	XP_015431636.1, XP_015431635.1	XP_017756616.1
OG0003887	XP_015435889.1	XP_017767019.1
OG0003888	XP_015429457.1	XP_017761280.1
OG0003889	XP_015433683.1	XP_017764848.1
OG0003890	XP_015431172.1	XP_017759172.1
OG0003891	XP_015437933.1	XP_017765782.1
OG0003892	XP_015434168.1	XP_017767160.1
OG0003893	XP_015434615.1	XP_017762118.1
OG0003894	XP_015438573.1	XP_017759492.1
OG0003896	XP_015436603.1, XP_015436604.1	XP_017756527.1
OG0003897	XP_015434212.1	XP_017761220.1
OG0003898	XP_015433839.1	XP_017759099.1
OG0003899	XP_015439268.1	XP_017763211.1
OG0003900	XP_015438054.1	XP_017763483.1
OG0003901	XP_015432838.1	XP_017765980.1
OG0003902	XP_015432773.1	XP_017762193.1
OG0003903	XP_015431121.1	XP_017757879.1
OG0003904	XP_015430882.1	XP_017764814.1
OG0003905	XP_015435542.1	XP_017754791.1
OG0003906	XP_015430752.1	XP_017756110.1
OG0003907	XP_015439598.1	XP_017767473.1
OG0003908	XP_015431997.1	XP_017759427.1, XP_017759396.1
OG0003909	XP_015428762.1	XP_017759485.1
OG0003910	XP_015429171.1	XP_017754752.1
OG0003911	XP_015436490.1	XP_017767234.1
OG0003912	XP_015430899.1	XP_017762515.1
OG0003913	XP_015437630.1	XP_017767392.1
OG0003914	XP_015431837.1	XP_017760988.1
OG0003915	XP_015436824.1	XP_017758200.1
OG0003916	XP_015430110.1	XP_017764292.1
OG0003917	XP_015435070.1	XP_017765341.1, XP_017765844.1
OG0003918	XP_015438316.1	XP_017766139.1
OG0003919	XP_015439585.1	XP_017767383.1
OG0003920	XP_015440153.1	XP_017767587.1
OG0003921	XP_015436939.1	XP_017761687.1, XP_017766317.1
OG0003922	XP_015432754.1	XP_017765638.1, XP_017761025.1
OG0003923	XP_015431696.1	XP_017766357.1
OG0003924	XP_015436096.1	XP_017765478.1
OG0003925	XP_015431166.1	XP_017757958.1
OG0003926	XP_015432101.1	XP_017756214.1
OG0003927	XP_015437697.1	XP_017757804.1
OG0003928	XP_015439655.1	XP_017755654.1
OG0003929	XP_015429992.1	XP_017759079.1
OG0003930	XP_015431336.1	XP_017754246.1
OG0003931	XP_015437203.1	XP_017766104.1
OG0003932	XP_015436058.1	XP_017764069.1
OG0003933	XP_015432002.1	XP_017761726.1
OG0003934	XP_015436997.1	XP_017762436.1
OG0003935	XP_015437636.1	XP_017767371.1
OG0003936	XP_015440086.1	XP_017760627.1
OG0003937	XP_015429739.1	XP_017762855.1
OG0003938	XP_015437549.1	XP_017766904.1
OG0003939	XP_015434190.1	XP_017767622.1
OG0003940	XP_015439383.1	XP_017752847.1
OG0003941	XP_015439430.1, XP_015439429.1	XP_017765209.1
OG0003942	XP_015431616.1	XP_017766382.1
OG0003943	XP_015439708.1	XP_017755241.1
OG0003944	XP_015429899.1	XP_017754380.1
OG0003945	XP_015433721.1	XP_017759987.1
OG0003946	XP_015430131.1	XP_017755457.1
OG0003947	XP_015436587.1	XP_017756541.1
OG0003948	XP_015435173.1	XP_017754023.1
OG0003950	XP_015439313.1	XP_017757676.1
OG0003951	XP_015437491.1	XP_017756015.1
OG0003952	XP_015436592.1	XP_017763931.1
OG0003953	XP_015433828.1, XP_015433829.1	XP_017760429.1
OG0003954	XP_015437084.1	XP_017763066.1
OG0003955	XP_015438666.1	XP_017752944.1
OG0003956	XP_015430618.1	XP_017758558.1
OG0003957	XP_015428562.1	XP_017766598.1
OG0003958	XP_015437949.1	XP_017758104.1
OG0003960	XP_015439804.1	XP_017755682.1
OG0003961	XP_015433553.1	XP_017754467.1
OG0003962	XP_015429129.1	XP_017765720.1
OG0003963	XP_015437676.1	XP_017767506.1
OG0003964	XP_015438432.1	XP_017767486.1
OG0003965	XP_015429966.1	XP_017753217.1
OG0003966	XP_015432748.1	XP_017762105.1
OG0003967	XP_015435247.1	XP_017762898.1
OG0003968	XP_015439825.1, XP_015439826.1, XP_015439827.1	XP_017752811.1, XP_017752803.1
OG0003969	XP_015437831.1	XP_017765006.1
OG0003970	XP_015433323.1	XP_017755680.1
OG0003971	XP_015433622.1	XP_017766639.1
OG0003972	XP_015440028.1	XP_017752659.1
OG0003973	XP_015429209.1	XP_017761766.1
OG0003974	XP_015436572.1	XP_017764371.1
OG0003975	XP_015434809.1, XP_015434214.1	XP_017764268.1
OG0003976	XP_015439790.1	XP_017761353.1
OG0003977	XP_015429108.1	XP_017765711.1
OG0003978	XP_015437561.1	XP_017763932.1
OG0003979	XP_015434660.1	XP_017753532.1
OG0003980	XP_015437304.1	XP_017762255.1
OG0003981	XP_015439328.1	XP_017765230.1
OG0003982	XP_015435473.1	XP_017754919.1
OG0003983	XP_015429873.1	XP_017759660.1
OG0003984	XP_015433090.1	XP_017758951.1
OG0003985	XP_015434859.1	XP_017752711.1
OG0003986	XP_015434942.1	XP_017753624.1
OG0003987	XP_015432803.1	XP_017762556.1
OG0003988	XP_015439838.1	XP_017767715.1
OG0003989	XP_015432158.1	XP_017757800.1
OG0003990	XP_015437870.1	XP_017762674.1
OG0003991	XP_015435665.1	XP_017754888.1
OG0003992	XP_015428803.1	XP_017759513.1
OG0003993	XP_015436523.1	XP_017764433.1
OG0003994	XP_015429683.1	XP_017758251.1
OG0003995	XP_015435779.1	XP_017757259.1
OG0003996	XP_015439663.1	XP_017758736.1
OG0003997	XP_015429827.1	XP_017763845.1
OG0003998	XP_015428584.1	XP_017755565.1
OG0003999	XP_015428926.1	XP_017762828.1
OG0004000	XP_015437275.1	XP_017756306.1
OG0004002	XP_015437677.1	XP_017767544.1
OG0004003	XP_015437109.1	XP_017757339.1
OG0004004	XP_015434962.1	XP_017762535.1
OG0004005	XP_015437081.1	XP_017766867.1
OG0004006	XP_015428617.1	XP_017766823.1
OG0004008	XP_015439539.1	XP_017756868.1
OG0004009	XP_015433122.1	XP_017752180.1
OG0004010	XP_015433183.1	XP_017764960.1
OG0004011	XP_015437074.1	XP_017759612.1
OG0004012	XP_015435280.1	XP_017764862.1
OG0004013	XP_015435189.1	XP_017763781.1
OG0004014	XP_015432230.1	XP_017752872.1
OG0004015	XP_015429054.1	XP_017765313.1
OG0004016	XP_015436564.1	XP_017753987.1
OG0004017	XP_015435210.1	XP_017757832.1
OG0004018	XP_015437311.1	XP_017760710.1, XP_017760709.1
OG0004020	XP_015436221.1	XP_017761818.1
OG0004021	XP_015438095.1	XP_017753611.1
OG0004022	XP_015432574.1	XP_017766201.1, XP_017766202.1, XP_017766200.1
OG0004023	XP_015438729.1	XP_017755468.1
OG0004024	XP_015429438.1	XP_017762718.1
OG0004025	XP_015428829.1	XP_017754444.1
OG0004026	XP_015440257.1	XP_017760489.1
OG0004027	XP_015434716.1	XP_017764802.1
OG0004028	XP_015438352.1	XP_017765361.1
OG0004029	XP_015428490.1	XP_017753568.1
OG0004030	XP_015439038.1	XP_017762893.1
OG0004031	XP_015432335.1	XP_017759738.1
OG0004032	XP_015435337.1	XP_017754169.1
OG0004033	XP_015429332.1, XP_015429330.1, XP_015429333.1	XP_017764803.1
OG0004034	XP_015434076.1	XP_017760611.1
OG0004035	XP_015430479.1	XP_017761634.1
OG0004036	XP_015435004.1	XP_017762526.1
OG0004037	XP_015434668.1	XP_017755534.1
OG0004038	XP_015433497.1	XP_017763661.1
OG0004040	XP_015431108.1	XP_017758294.1
OG0004041	XP_015438991.1	XP_017762884.1
OG0004042	XP_015428758.1	XP_017759590.1
OG0004043	XP_015434529.1	XP_017763152.1
OG0004044	XP_015430769.1	XP_017765880.1
OG0004045	XP_015438261.1	XP_017752793.1
OG0004046	XP_015440382.1	XP_017766116.1
OG0004047	XP_015432000.1	XP_017756867.1
OG0004048	XP_015436580.1	XP_017760041.1
OG0004049	XP_015431562.1	XP_017766996.1
OG0004050	XP_015432758.1	XP_017762085.1
OG0004051	XP_015430666.1	XP_017757223.1
OG0004052	XP_015432443.1	XP_017758076.1
OG0004053	XP_015429097.1	XP_017754705.1, XP_017754707.1
OG0004054	XP_015432703.1	XP_017762102.1, XP_017762103.1
OG0004055	XP_015428854.1	XP_017767339.1
OG0004056	XP_015440247.1	XP_017757460.1
OG0004058	XP_015432469.1	XP_017758103.1
OG0004059	XP_015429668.1, XP_015429661.1	XP_017753346.1
OG0004060	XP_015440267.1	XP_017759451.1
OG0004061	XP_015434781.1	XP_017757769.1
OG0004062	XP_015433914.1, XP_015433916.1	XP_017759257.1
OG0004063	XP_015435915.1	XP_017767092.1, XP_017766992.1
OG0004064	XP_015429518.1	XP_017761744.1
OG0004065	XP_015433419.1	XP_017756603.1
OG0004066	XP_015432384.1	XP_017766592.1
OG0004067	XP_015431660.1	XP_017760055.1
OG0004068	XP_015437399.1	XP_017762303.1
OG0004069	XP_015428447.1	XP_017753575.1
OG0004070	XP_015436020.1	XP_017757989.1
OG0004071	XP_015439097.1	XP_017767752.1, XP_017767753.1, XP_017767750.1, XP_017767751.1
OG0004072	XP_015439101.1	XP_017762873.1
OG0004073	XP_015430743.1	XP_017757163.1
OG0004074	XP_015432955.1	XP_017753059.1
OG0004075	XP_015439207.1	XP_017759904.1
OG0004076	XP_015437345.1	XP_017760848.1
OG0004077	XP_015432422.1	XP_017753740.1
OG0004078	XP_015432734.1	XP_017761017.1
OG0004079	XP_015429296.1	XP_017761749.1
OG0004080	XP_015433966.1	XP_017756322.1
OG0004081	XP_015440501.1	XP_017760789.1
OG0004082	XP_015432145.1	XP_017761006.1
OG0004083	XP_015439169.1	XP_017763175.1
OG0004084	XP_015434852.1	XP_017753901.1, XP_017753902.1
OG0004085	XP_015431294.1	XP_017758591.1
OG0004086	XP_015438001.1	XP_017758119.1
OG0004087	XP_015439775.1	XP_017758714.1
OG0004088	XP_015432610.1	XP_017766358.1
OG0004089	XP_015434779.1	XP_017757734.1, XP_017757735.1
OG0004090	XP_015436530.1	XP_017756536.1
OG0004091	XP_015436737.1	XP_017764501.1
OG0004092	XP_015434142.1	XP_017759295.1
OG0004093	XP_015438854.1	XP_017760365.1, XP_017760367.1
OG0004094	XP_015437845.1	XP_017753187.1, XP_017753186.1
OG0004095	XP_015435384.1	XP_017754029.1, XP_017754028.1
OG0004096	XP_015429082.1	XP_017759741.1
OG0004097	XP_015438275.1	XP_017761300.1
OG0004098	XP_015431702.1	XP_017766329.1
OG0004099	XP_015439609.1	XP_017765873.1
OG0004100	XP_015435525.1	XP_017761925.1, XP_017761924.1
OG0004101	XP_015435275.1	XP_017766287.1
OG0004102	XP_015434370.1	XP_017754344.1
OG0004103	XP_015437459.1	XP_017764579.1
OG0004104	XP_015438858.1	XP_017753667.1
OG0004105	XP_015428423.1	XP_017752182.1
OG0004106	XP_015436805.1	XP_017762741.1
OG0004107	XP_015430159.1	XP_017763572.1
OG0004108	XP_015431146.1	XP_017759154.1
OG0004109	XP_015430081.1	XP_017755701.1
OG0004110	XP_015440042.1	XP_017758221.1
OG0004111	XP_015434571.1	XP_017758957.1, XP_017758956.1
OG0004112	XP_015430938.1	XP_017759642.1
OG0004113	XP_015433992.1	XP_017762723.1
OG0004114	XP_015438576.1	XP_017760676.1
OG0004116	XP_015438917.1	XP_017767747.1
OG0004117	XP_015436718.1, XP_015436721.1	XP_017752476.1
OG0004119	XP_015434416.1	XP_017763147.1
OG0004120	XP_015439853.1	XP_017757403.1
OG0004122	XP_015434232.1	XP_017763900.1
OG0004123	XP_015430117.1	XP_017762038.1
OG0004124	XP_015436241.1	XP_017753247.1
OG0004125	XP_015436681.1	XP_017763389.1, XP_017763398.1
OG0004126	XP_015438945.1	XP_017767246.1
OG0004128	XP_015434512.1	XP_017765364.1
OG0004129	XP_015430926.1	XP_017764308.1
OG0004130	XP_015437906.1	XP_017761891.1
OG0004131	XP_015439542.1	XP_017762646.1
OG0004132	XP_015436813.1	XP_017754518.1
OG0004133	XP_015435484.1	XP_017754824.1
OG0004134	XP_015438980.1	XP_017753692.1, XP_017753703.1
OG0004135	XP_015429940.1	XP_017754388.1, XP_017754389.1
OG0004136	XP_015432253.1	XP_017762156.1
OG0004137	XP_015437984.1	XP_017762989.1
OG0004138	XP_015429988.1	XP_017753190.1
OG0004139	XP_015434161.1	XP_017759398.1
OG0004140	XP_015435395.1	XP_017764673.1
OG0004141	XP_015432706.1	XP_017762110.1
OG0004142	XP_015434014.1	XP_017762731.1
OG0004144	XP_015430652.1	XP_017766318.1
OG0004145	XP_015439834.1	XP_017757438.1
OG0004146	XP_015431363.1	XP_017756488.1
OG0004147	XP_015430098.1	XP_017761861.1
OG0004149	XP_015428870.1, XP_015428871.1	XP_017767340.1
OG0004150	XP_015438018.1	XP_017756227.1
OG0004151	XP_015437634.1	XP_017767452.1
OG0004153	XP_015439647.1	XP_017757421.1
OG0004154	XP_015433956.1	XP_017756300.1
OG0004155	XP_015439626.1	XP_017754466.1
OG0004156	XP_015434839.1	XP_017753881.1, XP_017753878.1
OG0004157	XP_015429379.1	XP_017757303.1
OG0004158	XP_015439603.1	XP_017767381.1
OG0004159	XP_015436258.1	XP_017765584.1, XP_017765589.1, XP_017765587.1
OG0004160	XP_015428857.1	XP_017757847.1
OG0004161	XP_015436048.1	XP_017764098.1
OG0004162	XP_015434260.1	XP_017763976.1
OG0004163	XP_015431256.1	XP_017766390.1
OG0004164	XP_015439296.1	XP_017759106.1
OG0004165	XP_015431520.1	XP_017757263.1
OG0004165	XP_015431469.1	XP_017757264.1
OG0004166	XP_015429770.1	XP_017760348.1
OG0004167	XP_015428546.1	XP_017764220.1
OG0004168	XP_015435903.1	XP_017766714.1
OG0004169	XP_015437190.1	XP_017766101.1
OG0004170	XP_015439340.1, XP_015439298.1	XP_017753913.1
OG0004171	XP_015431548.1	XP_017757277.1
OG0004172	XP_015439929.1	XP_017753705.1
OG0004173	XP_015438904.1	XP_017755019.1
OG0004174	XP_015431061.1	XP_017757976.1
OG0004175	XP_015429705.1	XP_017761285.1
OG0004176	XP_015439745.1	XP_017752857.1
OG0004177	XP_015429772.1	XP_017764742.1
OG0004178	XP_015437670.1	XP_017767467.1
OG0004179	XP_015439186.1	XP_017760206.1
OG0004180	XP_015428974.1	XP_017757057.1
OG0004181	XP_015432601.1	XP_017762931.1, XP_017762930.1
OG0004182	XP_015437031.1	XP_017766990.1
OG0004183	XP_015438237.1	XP_017762799.1
OG0004184	XP_015432444.1	XP_017764973.1
OG0004185	XP_015431179.1	XP_017759605.1
OG0004186	XP_015435456.1	XP_017764839.1
OG0004187	XP_015430771.1	XP_017757242.1, XP_017757244.1, XP_017757245.1, XP_017757241.1
OG0004188	XP_015436793.1	XP_017758919.1
OG0004189	XP_015437002.1	XP_017760438.1
OG0004190	XP_015437468.1	XP_017756021.1
OG0004191	XP_015438437.1	XP_017758411.1
OG0004192	XP_015438023.1	XP_017766502.1
OG0004193	XP_015432489.1	XP_017759722.1, XP_017759724.1
OG0004195	XP_015434320.1	XP_017755382.1
OG0004196	XP_015435580.1	XP_017763824.1
OG0004197	XP_015436116.1	XP_017756851.1
OG0004198	XP_015429465.1	XP_017757639.1
OG0004199	XP_015429606.1	XP_017763062.1
OG0004201	XP_015428889.1	XP_017767380.1
OG0004202	XP_015436645.1	XP_017753343.1
OG0004203	XP_015438375.1	XP_017756423.1
OG0004204	XP_015439512.1	XP_017758792.1
OG0004205	XP_015436434.1	XP_017763247.1
OG0004206	XP_015428667.1	XP_017766753.1
OG0004207	XP_015430795.1	XP_017758597.1
OG0004209	XP_015433119.1	XP_017760433.1
OG0004210	XP_015438480.1	XP_017767322.1
OG0004211	XP_015434900.1	XP_017762051.1
OG0004212	XP_015432629.1	XP_017758447.1
OG0004213	XP_015439941.1	XP_017758737.1
OG0004214	XP_015435703.1	XP_017767610.1
OG0004215	XP_015438484.1	XP_017758375.1, XP_017758376.1
OG0004216	XP_015438049.1	XP_017763499.1
OG0004217	XP_015432034.1	XP_017758299.1
OG0004218	XP_015435251.1	XP_017753995.1
OG0004219	XP_015429954.1, XP_015429953.1	XP_017763862.1
OG0004220	XP_015438654.1	XP_017753419.1
OG0004222	XP_015438682.1	XP_017767425.1
OG0004223	XP_015433378.1	XP_017767727.1
OG0004224	XP_015435808.1	XP_017752321.1
OG0004225	XP_015434058.1	XP_017767242.1
OG0004227	XP_015430879.1	XP_017764816.1
OG0004228	XP_015438856.1	XP_017760349.1, XP_017760347.1
OG0004229	XP_015429264.1	XP_017763516.1
OG0004230	XP_015439024.1, XP_015439022.1	XP_017761606.1
OG0004231	XP_015434912.1	XP_017761838.1
OG0004232	XP_015439385.1	XP_017754427.1
OG0004233	XP_015435302.1	XP_017754175.1
OG0004234	XP_015440041.1	XP_017757506.1
OG0004235	XP_015439803.1	XP_017764108.1
OG0004236	XP_015440286.1	XP_017767120.1
OG0004237	XP_015433727.1	XP_017763132.1
OG0004238	XP_015435518.1	XP_017754890.1
OG0004239	XP_015434327.1	XP_017755954.1
OG0004240	XP_015433596.1	XP_017766673.1
OG0004241	XP_015429331.1	XP_017759077.1
OG0004242	XP_015432855.1	XP_017753992.1
OG0004243	XP_015429017.1	XP_017762521.1
OG0004244	XP_015431454.1	XP_017767046.1
OG0004245	XP_015429207.1	XP_017752684.1
OG0004247	XP_015436063.1	XP_017765440.1
OG0004248	XP_015440388.1	XP_017762095.1
OG0004249	XP_015439983.1	XP_017757485.1
OG0004250	XP_015439645.1	XP_017757408.1
OG0004251	XP_015436513.1	XP_017759017.1, XP_017759022.1
OG0004253	XP_015433082.1	XP_017766051.1
OG0004254	XP_015429100.1	XP_017753180.1
OG0004255	XP_015438942.1	XP_017765508.1
OG0004256	XP_015429466.1	XP_017759820.1
OG0004257	XP_015433244.1	XP_017762961.1
OG0004258	XP_015428681.1	XP_017759461.1
OG0004259	XP_015435274.1	XP_017764852.1, XP_017764851.1
OG0004260	XP_015429056.1	XP_017765702.1
OG0004261	XP_015440165.1	XP_017752343.1
OG0004262	XP_015434229.1	XP_017754334.1, XP_017754335.1, XP_017754336.1
OG0004263	XP_015436963.1, XP_015436964.1	XP_017767674.1, XP_017767666.1
OG0004264	XP_015436934.1	XP_017766332.1
OG0004265	XP_015432473.1	XP_017765058.1, XP_017765057.1
OG0004266	XP_015433450.1	XP_017760256.1
OG0004267	XP_015432122.1	XP_017756245.1
OG0004268	XP_015436409.1	XP_017765646.1
OG0004269	XP_015437266.1	XP_017756635.1
OG0004270	XP_015435178.1	XP_017762581.1, XP_017762569.1, XP_017765325.1, XP_017764602.1
OG0004275	XP_015430166.1	XP_017753975.1
OG0004276	XP_015432928.1	XP_017754056.1
OG0004277	XP_015437141.1	XP_017765340.1, XP_017759890.1
OG0004278	XP_015439898.1	XP_017757496.1
OG0004279	XP_015430341.1	XP_017764421.1
OG0004280	XP_015435151.1	XP_017755911.1
OG0004281	XP_015433079.1, XP_015433080.1	XP_017761175.1, XP_017761176.1
OG0004282	XP_015431697.1	XP_017758572.1
OG0004283	XP_015431518.1	XP_017766364.1
OG0004284	XP_015432126.1	XP_017756130.1
OG0004285	XP_015429944.1	XP_017759836.1
OG0004286	XP_015430135.1	XP_017756058.1
OG0004287	XP_015434480.1	XP_017755002.1
OG0004288	XP_015428594.1	XP_017764224.1
OG0004289	XP_015430367.1, XP_015430366.1, XP_015430365.1	XP_017752209.1
OG0004290	XP_015439156.1	XP_017761545.1
OG0004291	XP_015440090.1	XP_017765829.1
OG0004292	XP_015429338.1	XP_017757357.1
OG0004293	XP_015429278.1	XP_017756761.1
OG0004294	XP_015435635.1	XP_017753787.1
OG0004295	XP_015438998.1	XP_017753713.1
OG0004296	XP_015438958.1	XP_017766082.1
OG0004297	XP_015436333.1	XP_017755740.1
OG0004298	XP_015438536.1	XP_017758442.1, XP_017758126.1
OG0004299	XP_015437123.1	XP_017753221.1
OG0004300	XP_015431664.1	XP_017761093.1
OG0004301	XP_015440047.1	XP_017755659.1
OG0004302	XP_015434514.1	XP_017757108.1
OG0004303	XP_015430787.1	XP_017757169.1
OG0004304	XP_015433840.1	XP_017760027.1
OG0004305	XP_015432813.1	XP_017761146.1
OG0004306	XP_015439040.1	XP_017759893.1
OG0004307	XP_015428445.1	XP_017763308.1
OG0004308	XP_015430340.1	XP_017764426.1
OG0004309	XP_015429031.1	XP_017754704.1
OG0004310	XP_015430484.1	XP_017759068.1
OG0004311	XP_015437350.1	XP_017762272.1
OG0004312	XP_015435128.1	XP_017763482.1
OG0004313	XP_015431192.1	XP_017759435.1
OG0004314	XP_015438838.1	XP_017761467.1
OG0004315	XP_015431132.1	XP_017755768.1
OG0004316	XP_015438989.1	XP_017757844.1
OG0004317	XP_015439934.1	XP_017753674.1
OG0004318	XP_015429339.1	XP_017757356.1
OG0004319	XP_015438670.1	XP_017761414.1
OG0004320	XP_015431369.1	XP_017756434.1
OG0004321	XP_015429274.1	XP_017761761.1
OG0004322	XP_015428878.1	XP_017767422.1
OG0004323	XP_015437767.1	XP_017760849.1
OG0004324	XP_015429722.1	XP_017767588.1
OG0004325	XP_015440281.1	XP_017757670.1
OG0004326	XP_015433299.1	XP_017757538.1
OG0004327	XP_015439719.1	XP_017755341.1
OG0004328	XP_015436257.1	XP_017765593.1
OG0004329	XP_015428840.1	XP_017758425.1
OG0004330	XP_015429304.1	XP_017753930.1
OG0004331	XP_015428937.1	XP_017767446.1
OG0004332	XP_015429051.1	XP_017757056.1
OG0004333	XP_015437351.1	XP_017760814.1
OG0004334	XP_015429055.1	XP_017759731.1
OG0004335	XP_015435510.1	XP_017757705.1
OG0004336	XP_015433291.1	XP_017767671.1
OG0004337	XP_015439202.1	XP_017759933.1
OG0004338	XP_015436799.1	XP_017762754.1
OG0004339	XP_015435762.1	XP_017756236.1
OG0004340	XP_015437638.1	XP_017767429.1
OG0004341	XP_015435902.1	XP_017766727.1
OG0004342	XP_015429977.1	XP_017756998.1
OG0004343	XP_015428540.1	XP_017766580.1
OG0004344	XP_015434269.1	XP_017753076.1, XP_017753077.1
OG0004345	XP_015430570.1	XP_017761659.1
OG0004346	XP_015436132.1	XP_017756846.1
OG0004347	XP_015428590.1	XP_017766640.1
OG0004348	XP_015428481.1	XP_017752186.1
OG0004349	XP_015429554.1	XP_017759081.1
OG0004350	XP_015429611.1	XP_017755923.1
OG0004351	XP_015433008.1	XP_017753062.1
OG0004352	XP_015439610.1	XP_017767412.1
OG0004353	XP_015431346.1	XP_017756428.1
OG0004354	XP_015431970.1	XP_017764034.1
OG0004355	XP_015431204.1	XP_017757978.1
OG0004356	XP_015433862.1	XP_017754480.1
OG0004357	XP_015435428.1	XP_017757706.1
OG0004358	XP_015436558.1, XP_015436557.1	XP_017754816.1
OG0004359	XP_015430190.1	XP_017762008.1
OG0004360	XP_015439885.1	XP_017755294.1
OG0004361	XP_015436330.1	XP_017755811.1
OG0004362	XP_015433133.1	XP_017752421.1
OG0004363	XP_015437314.1	XP_017760759.1
OG0004364	XP_015436871.1	XP_017756390.1
OG0004365	XP_015434111.1, XP_015438129.1	XP_017759310.1
OG0004366	XP_015433006.1	XP_017756348.1, XP_017754702.1
OG0004367	XP_015440291.1	XP_017757669.1
OG0004368	XP_015440222.1, XP_015440221.1	XP_017755298.1
OG0004369	XP_015435084.1	XP_017759646.1
OG0004370	XP_015429052.1	XP_017757055.1
OG0004371	XP_015431001.1	XP_017758295.1
OG0004372	XP_015435018.1	XP_017756339.1
OG0004373	XP_015431930.1	XP_017758268.1
OG0004374	XP_015433798.1	XP_017765800.1
OG0004375	XP_015433462.1	XP_017760249.1
OG0004376	XP_015434374.1	XP_017755027.1, XP_017752348.1
OG0004377	XP_015433695.1	XP_017764897.1, XP_017764905.1
OG0004378	XP_015429281.1	XP_017763503.1
OG0004379	XP_015434618.1	XP_017758697.1
OG0004380	XP_015439621.1	XP_017764682.1
OG0004381	XP_015436609.1	XP_017764420.1
OG0004382	XP_015435521.1	XP_017754825.1
OG0004383	XP_015428792.1	XP_017759508.1
OG0004384	XP_015440093.1	XP_017753675.1
OG0004385	XP_015435631.1	XP_017760490.1, XP_017764968.1
OG0004386	XP_015433704.1	XP_017765792.1
OG0004387	XP_015431195.1	XP_017757965.1
OG0004388	XP_015432940.1	XP_017764672.1
OG0004389	XP_015439858.1	XP_017752938.1
OG0004390	XP_015439358.1	XP_017764115.1
OG0004391	XP_015434487.1	XP_017763771.1, XP_017763773.1
OG0004392	XP_015429911.1	XP_017764895.1
OG0004394	XP_015436037.1	XP_017755778.1
OG0004395	XP_015437228.1	XP_017766109.1
OG0004396	XP_015438501.1, XP_015438500.1	XP_017764762.1
OG0004397	XP_015439102.1	XP_017759894.1
OG0004398	XP_015440341.1	XP_017767589.1
OG0004399	XP_015437268.1	XP_017756647.1
OG0004400	XP_015434980.1	XP_017762514.1
OG0004401	XP_015432995.1	XP_017754130.1
OG0004402	XP_015435674.1	XP_017765563.1
OG0004403	XP_015440067.1, XP_015440101.1	XP_017760476.1
OG0004404	XP_015431996.1	XP_017757033.1
OG0004405	XP_015434887.1	XP_017754341.1
OG0004406	XP_015438321.1	XP_017765731.1, XP_017765733.1
OG0004407	XP_015428831.1	XP_017762478.1
OG0004408	XP_015431993.1	XP_017756823.1
OG0004409	XP_015431903.1	XP_017766941.1
OG0004410	XP_015428987.1	XP_017754736.1
OG0004411	XP_015433473.1	XP_017763634.1
OG0004412	XP_015438843.1	XP_017760675.1
OG0004413	XP_015435818.1	XP_017752400.1
OG0004414	XP_015431366.1	XP_017766178.1
OG0004415	XP_015431055.1	XP_017759436.1
OG0004416	XP_015432005.1	XP_017757086.1
OG0004417	XP_015432938.1	XP_017761129.1
OG0004418	XP_015437139.1	XP_017755567.1
OG0004419	XP_015430125.1	XP_017765424.1
OG0004420	XP_015430778.1	XP_017757176.1
OG0004421	XP_015430206.1	XP_017761514.1
OG0004422	XP_015436184.1, XP_015436185.1	XP_017758805.1
OG0004423	XP_015431839.1	XP_017763550.1
OG0004424	XP_015439461.1	XP_017762066.1
OG0004425	XP_015436705.1	XP_017752465.1
OG0004426	XP_015440050.1	XP_017757608.1
OG0004427	XP_015437098.1	XP_017757285.1
OG0004428	XP_015438561.1	XP_017765383.1
OG0004429	XP_015431111.1	XP_017759125.1
OG0004430	XP_015439494.1	XP_017763244.1
OG0004431	XP_015437955.1	XP_017758130.1
OG0004432	XP_015431072.1, XP_015431073.1	XP_017757892.1
OG0004433	XP_015440103.1	XP_017755329.1
OG0004434	XP_015432480.1	XP_017765030.1
OG0004436	XP_015433661.1	XP_017765324.1
OG0004437	XP_015433723.1	XP_017759482.1, XP_017759483.1
OG0004439	XP_015440442.1	XP_017753384.1
OG0004440	XP_015439067.1	XP_017763180.1
OG0004441	XP_015436143.1	XP_017755797.1
OG0004443	XP_015430740.1	XP_017767316.1
OG0004444	XP_015432911.1	XP_017754223.1
OG0004445	XP_015435772.1	XP_017755420.1
OG0004446	XP_015435099.1	XP_017752278.1
OG0004447	XP_015438006.1	XP_017762900.1
OG0004448	XP_015430271.1	XP_017764399.1
OG0004449	XP_015431832.1	XP_017753399.1
OG0004450	XP_015430308.1	XP_017752187.1
OG0004451	XP_015431281.1	XP_017766218.1
OG0004452	XP_015428451.1	XP_017753584.1
OG0004453	XP_015429016.1	XP_017758656.1
OG0004454	XP_015428899.1	XP_017764740.1
OG0004455	XP_015433262.1	XP_017757445.1
OG0004456	XP_015432538.1	XP_017766299.1
OG0004457	XP_015435181.1	XP_017756670.1
OG0004458	XP_015431152.1	XP_017764143.1
OG0004459	XP_015433876.1, XP_015433797.1	XP_017767641.1, XP_017767637.1
OG0004460	XP_015436899.1	XP_017767292.1
OG0004461	XP_015428554.1	XP_017752231.1
OG0004462	XP_015432105.1	XP_017756492.1
OG0004463	XP_015435461.1	XP_017764552.1
OG0004464	XP_015436043.1	XP_017753370.1
OG0004465	XP_015432963.1	XP_017754066.1
OG0004466	XP_015438909.1	XP_017761239.1
OG0004467	XP_015431539.1	XP_017752379.1, XP_017752311.1
OG0004468	XP_015431552.1	XP_017752407.1
OG0004469	XP_015438861.1, XP_015438860.1	XP_017761486.1
OG0004470	XP_015439339.1	XP_017754278.1
OG0004471	XP_015440061.1	XP_017755645.1
OG0004472	XP_015436942.1	XP_017756381.1
OG0004473	XP_015428860.1	XP_017767372.1
OG0004474	XP_015438923.1	XP_017763207.1
OG0004475	XP_015434515.1	XP_017763151.1
OG0004477	XP_015439400.1	XP_017752824.1
OG0004478	XP_015429719.1	XP_017765458.1
OG0004479	XP_015429320.1	XP_017757275.1
OG0004480	XP_015430733.1	XP_017758578.1
OG0004481	XP_015434294.1	XP_017753097.1, XP_017765636.1
OG0004482	XP_015440265.1	XP_017753658.1
OG0004483	XP_015437718.1	XP_017764783.1
OG0004484	XP_015440000.1	XP_017761113.1
OG0004485	XP_015437217.1	XP_017766144.1
OG0004486	XP_015435301.1	XP_017754174.1
OG0004487	XP_015438758.1	XP_017761328.1, XP_017761329.1
OG0004488	XP_015435488.1	XP_017754869.1
OG0004489	XP_015433282.1	XP_017755598.1
OG0004490	XP_015431860.1, XP_015431861.1	XP_017755990.1
OG0004491	XP_015434219.1	XP_017755354.1
OG0004492	XP_015435064.1	XP_017755519.1
OG0004493	XP_015428767.1	XP_017765756.1
OG0004494	XP_015438545.1	XP_017758448.1
OG0004495	XP_015439524.1	XP_017758907.1
OG0004496	XP_015430162.1	XP_017759114.1
OG0004497	XP_015432552.1	XP_017764871.1, XP_017756016.1
OG0004498	XP_015438340.1	XP_017760442.1
OG0004499	XP_015435732.1	XP_017766911.1
OG0004500	XP_015430172.1	XP_017758085.1
OG0004501	XP_015432332.1	XP_017764488.1
OG0004502	XP_015429303.1	XP_017753921.1
OG0004503	XP_015439696.1	XP_017755258.1, XP_017755257.1
OG0004504	XP_015437363.1	XP_017762253.1
OG0004505	XP_015429351.1	XP_017757338.1
OG0004506	XP_015431109.1	XP_017757917.1
OG0004507	XP_015432946.1	XP_017766041.1
OG0004508	XP_015435479.1	XP_017754779.1
OG0004509	XP_015428551.1, XP_015437614.1	XP_017753126.1
OG0004510	XP_015439459.1	XP_017765258.1
OG0004511	XP_015430759.1	XP_017765853.1
OG0004512	XP_015428473.1	XP_017753578.1
OG0004513	XP_015428856.1	XP_017767435.1
OG0004514	XP_015437211.1	XP_017752638.1
OG0004515	XP_015433635.1	XP_017755516.1, XP_017755539.1, XP_017755744.1
OG0004516	XP_015440410.1	XP_017758199.1
OG0004517	XP_015436268.1	XP_017763709.1
OG0004519	XP_015436595.1	XP_017759027.1
OG0004520	XP_015438476.1	XP_017764712.1
OG0004521	XP_015436786.1	XP_017761681.1
OG0004522	XP_015436581.1	XP_017765181.1
OG0004523	XP_015440472.1	XP_017763414.1
OG0004524	XP_015434185.1	XP_017760607.1
OG0004525	XP_015432759.1	XP_017762090.1, XP_017762091.1
OG0004526	XP_015434680.1	XP_017756142.1
OG0004527	XP_015431456.1	XP_017752422.1, XP_017752423.1
OG0004528	XP_015439375.1	XP_017765265.1
OG0004529	XP_015434799.1	XP_017752469.1
OG0004530	XP_015430768.1	XP_017756557.1
OG0004531	XP_015435664.1	XP_017760464.1
OG0004532	XP_015431809.1	XP_017766407.1
OG0004533	XP_015430499.1	XP_017763618.1
OG0004534	XP_015429362.1	XP_017767013.1
OG0004535	XP_015429024.1, XP_015429025.1	XP_017758665.1, XP_017758666.1
OG0004536	XP_015437666.1	XP_017761720.1
OG0004537	XP_015436875.1	XP_017756367.1
OG0004538	XP_015433961.1	XP_017756285.1
OG0004539	XP_015434322.1	XP_017762377.1, XP_017765492.1
OG0004540	XP_015428489.1	XP_017754634.1
OG0004541	XP_015429797.1	XP_017755161.1, XP_017755149.1
OG0004542	XP_015435074.1, XP_015435075.1	XP_017754472.1
OG0004543	XP_015435186.1	XP_017763782.1
OG0004544	XP_015433384.1	XP_017757617.1
OG0004545	XP_015432735.1	XP_017761005.1
OG0004546	XP_015433832.1, XP_015433830.1, XP_015433831.1	XP_017760658.1
OG0004547	XP_015440108.1	XP_017757466.1
OG0004548	XP_015429363.1	XP_017757343.1
OG0004549	XP_015439946.1	XP_017757400.1
OG0004550	XP_015437569.1	XP_017764339.1
OG0004551	XP_015430958.1	XP_017764568.1
OG0004552	XP_015434495.1	XP_017763144.1
OG0004553	XP_015436213.1	XP_017758844.1
OG0004554	XP_015433607.1	XP_017766579.1
OG0004555	XP_015439963.1	XP_017763888.1
OG0004556	XP_015436122.1	XP_017756804.1
OG0004557	XP_015432884.1	XP_017766444.1
OG0004558	XP_015439493.1	XP_017763249.1
OG0004559	XP_015438157.1, XP_015436618.1	XP_017763939.1
OG0004560	XP_015433485.1	XP_017752527.1
OG0004561	XP_015440476.1	XP_017761913.1
OG0004562	XP_015436598.1, XP_015438156.1	XP_017763937.1
OG0004563	XP_015429318.1	XP_017757324.1
OG0004564	XP_015435129.1, XP_015435131.1	XP_017752276.1
OG0004565	XP_015429483.1	XP_017761266.1
OG0004566	XP_015438145.1	XP_017766984.1
OG0004567	XP_015432951.1	XP_017759122.1
OG0004568	XP_015436243.1	XP_017758888.1
OG0004569	XP_015428897.1	XP_017764716.1
OG0004570	XP_015429038.1	XP_017754722.1, XP_017754729.1
OG0004571	XP_015438579.1	XP_017762939.1
OG0004572	XP_015428832.1	XP_017758247.1
OG0004573	XP_015429505.1	XP_017756746.1
OG0004574	XP_015437204.1	XP_017766115.1
OG0004575	XP_015433617.1	XP_017766542.1
OG0004576	XP_015436688.1	XP_017753534.1
OG0004577	XP_015434602.1	XP_017756098.1
OG0004578	XP_015440173.1	XP_017761377.1
OG0004579	XP_015434191.1	XP_017759650.1
OG0004580	XP_015436605.1	XP_017763930.1
OG0004581	XP_015434998.1	XP_017762356.1
OG0004582	XP_015432286.1	XP_017764350.1
OG0004583	XP_015432487.1	XP_017765099.1
OG0004584	XP_015437953.1	XP_017763004.1
OG0004585	XP_015434489.1	XP_017763757.1
OG0004586	XP_015431264.1	XP_017756433.1
OG0004587	XP_015428742.1	XP_017759997.1, XP_017759998.1
OG0004588	XP_015439612.1	XP_017759732.1
OG0004589	XP_015433294.1	XP_017757417.1
OG0004590	XP_015434966.1	XP_017756287.1
OG0004591	XP_015433865.1	XP_017756510.1
OG0004592	XP_015439329.1	XP_017752786.1, XP_017752787.1
OG0004593	XP_015437172.1	XP_017761070.1
OG0004594	XP_015439972.1	XP_017755639.1
OG0004595	XP_015430137.1	XP_017763145.1
OG0004596	XP_015439367.1	XP_017752812.1
OG0004597	XP_015440523.1	XP_017761933.1
OG0004598	XP_015438626.1	XP_017752871.1
OG0004599	XP_015430403.1	XP_017764181.1
OG0004600	XP_015436215.1	XP_017758812.1
OG0004601	XP_015437642.1	XP_017767364.1
OG0004602	XP_015438564.1	XP_017765409.1
OG0004603	XP_015432389.1	XP_017766750.1
OG0004604	XP_015440277.1	XP_017761346.1
OG0004605	XP_015440504.1, XP_015440503.1	XP_017761460.1
OG0004606	XP_015428738.1	XP_017759484.1
OG0004607	XP_015431371.1	XP_017756474.1
OG0004608	XP_015431655.1	XP_017763675.1
OG0004609	XP_015438824.1	XP_017761433.1
OG0004610	XP_015436323.1	XP_017764089.1
OG0004611	XP_015433849.1	XP_017765177.1
OG0004612	XP_015440106.1	XP_017755611.1
OG0004613	XP_015437263.1	XP_017755157.1
OG0004614	XP_015432592.1	XP_017764829.1
OG0004615	XP_015438247.1	XP_017764360.1
OG0004616	XP_015429033.1, XP_015429034.1	XP_017754761.1
OG0004617	XP_015428816.1	XP_017755113.1
OG0004618	XP_015432849.1	XP_017766045.1
OG0004619	XP_015436336.1	XP_017756911.1
OG0004620	XP_015431512.1	XP_017767020.1
OG0004621	XP_015430789.1	XP_017757184.1
OG0004622	XP_015434026.1	XP_017759108.1
OG0004623	XP_015437173.1	XP_017760170.1
OG0004624	XP_015437707.1	XP_017762278.1
OG0004625	XP_015434974.1	XP_017756293.1
OG0004626	XP_015435238.1	XP_017764938.1
OG0004627	XP_015428867.1	XP_017767382.1
OG0004628	XP_015436233.1	XP_017764076.1
OG0004629	XP_015428651.1	XP_017766572.1
OG0004630	XP_015438495.1	XP_017757398.1
OG0004631	XP_015431026.1	XP_017762452.1
OG0004632	XP_015437893.1	XP_017753311.1
OG0004633	XP_015430100.1	XP_017761895.1
OG0004634	XP_015440495.1	XP_017760763.1
OG0004635	XP_015438400.1	XP_017758402.1
OG0004636	XP_015439241.1	XP_017765822.1
OG0004637	XP_015431159.1	XP_017758283.1
OG0004638	XP_015433672.1	XP_017755554.1
OG0004639	XP_015430800.1	XP_017765875.1
OG0004640	XP_015431560.1	XP_017762352.1
OG0004641	XP_015433531.1, XP_015433540.1	XP_017758991.1
OG0004642	XP_015429194.1	XP_017763441.1
OG0004643	XP_015438080.1	XP_017765760.1
OG0004644	XP_015439310.1	XP_017762047.1
OG0004645	XP_015430091.1	XP_017762010.1, XP_017762017.1
OG0004646	XP_015434608.1	XP_017756112.1
OG0004647	XP_015437130.1	XP_017761909.1
OG0004648	XP_015430353.1	XP_017759061.1
OG0004649	XP_015439776.1	XP_017757587.1
OG0004650	XP_015430203.1	XP_017765448.1
OG0004651	XP_015440144.1	XP_017766964.1
OG0004652	XP_015430213.1	XP_017759351.1
OG0004653	XP_015429670.1	XP_017757068.1
OG0004654	XP_015433186.1	XP_017765257.1
OG0004655	XP_015437393.1	XP_017760684.1
OG0004656	XP_015434387.1	XP_017764632.1
OG0004657	XP_015439819.1	XP_017762040.1
OG0004658	XP_015437713.1	XP_017762402.1
OG0004659	XP_015430140.1	XP_017753106.1
OG0004660	XP_015429424.1	XP_017762695.1
OG0004661	XP_015433804.1	XP_017765133.1
OG0004662	XP_015440015.1	XP_017755593.1
OG0004663	XP_015439337.1	XP_017758063.1
OG0004664	XP_015428444.1	XP_017753610.1
OG0004665	XP_015439116.1	XP_017759876.1
OG0004666	XP_015429916.1	XP_017759666.1
OG0004667	XP_015438615.1	XP_017753416.1
OG0004668	XP_015440337.1	XP_017767598.1
OG0004669	XP_015439653.1	XP_017755594.1
OG0004670	XP_015429931.1	XP_017755166.1
OG0004671	XP_015433002.1	XP_017766025.1, XP_017766024.1, XP_017766023.1
OG0004672	XP_015431991.1	XP_017756793.1
OG0004673	XP_015435234.1	XP_017757775.1
OG0004674	XP_015434907.1	XP_017762050.1
OG0004675	XP_015428572.1	XP_017761052.1
OG0004676	XP_015438660.1	XP_017761424.1
OG0004677	XP_015429972.1	XP_017764901.1
OG0004678	XP_015432096.1	XP_017752919.1
OG0004679	XP_015429794.1	XP_017756969.1
OG0004680	XP_015437044.1	XP_017760860.1
OG0004681	XP_015439888.1	XP_017765941.1
OG0004682	XP_015434305.1	XP_017764818.1
OG0004683	XP_015433373.1	XP_017767706.1
OG0004684	XP_015431298.1	XP_017757851.1
OG0004685	XP_015430483.1	XP_017754930.1
OG0004686	XP_015431160.1	XP_017757935.1
OG0004687	XP_015438440.1	XP_017752456.1
OG0004688	XP_015434658.1	XP_017758698.1
OG0004689	XP_015430153.1	XP_017753308.1
OG0004690	XP_015430757.1	XP_017757188.1
OG0004691	XP_015434052.1	XP_017767174.1
OG0004692	XP_015434117.1	XP_017767175.1
OG0004693	XP_015433010.1	XP_017754075.1
OG0004694	XP_015430408.1	XP_017764203.1
OG0004695	XP_015428404.1	XP_017753032.1
OG0004696	XP_015436419.1	XP_017755848.1
OG0004697	XP_015432814.1	XP_017760982.1
OG0004698	XP_015430115.1	XP_017755692.1
OG0004699	XP_015428862.1	XP_017767366.1
OG0004700	XP_015440214.1	XP_017761363.1
OG0004701	XP_015434714.1	XP_017752756.1
OG0004702	XP_015432428.1	XP_017765025.1
OG0004704	XP_015438363.1	XP_017757576.1, XP_017758362.1
OG0004705	XP_015438749.1	XP_017761961.1
OG0004706	XP_015438067.1	XP_017762399.1, XP_017762398.1
OG0004707	XP_015440169.1	XP_017755331.1
OG0004708	XP_015440191.1	XP_017752823.1
OG0004709	XP_015435166.1	XP_017754437.1
OG0004710	XP_015433283.1	XP_017755586.1
OG0004711	XP_015428755.1	XP_017765754.1
OG0004712	XP_015437913.1	XP_017753630.1
OG0004713	XP_015435979.1	XP_017752261.1
OG0004714	XP_015439561.1, XP_015439560.1	XP_017767333.1
OG0004715	XP_015439363.1	XP_017752777.1
OG0004716	XP_015433345.1	XP_017757487.1
OG0004717	XP_015438245.1	XP_017755905.1
OG0004718	XP_015439458.1	XP_017753751.1
OG0004719	XP_015434270.1	XP_017762388.1
OG0004720	XP_015439632.1	XP_017765767.1
OG0004721	XP_015437292.1	XP_017760677.1
OG0004722	XP_015431681.1	XP_017763672.1
OG0004723	XP_015433651.1	XP_017755733.1
OG0004724	XP_015435094.1	XP_017763487.1
OG0004725	XP_015438138.1	XP_017766165.1
OG0004726	XP_015429509.1	XP_017765444.1, XP_017765445.1
OG0004727	XP_015433489.1	XP_017759010.1, XP_017759009.1, XP_017759008.1, XP_017759007.1, XP_017759006.1, XP_017759011.1
OG0004728	XP_015432751.1	XP_017762094.1
OG0004729	XP_015439720.1	XP_017755580.1
OG0004730	XP_015436474.1	XP_017759374.1
OG0004731	XP_015433305.1	XP_017767700.1
OG0004732	XP_015439381.1	XP_017758048.1
OG0004733	XP_015431914.1	XP_017761232.1, XP_017761233.1
OG0004734	XP_015428684.1	XP_017761058.1
OG0004735	XP_015428624.1	XP_017766766.1, XP_017766767.1
OG0004736	XP_015430079.1, XP_015436872.1	XP_017765926.1
OG0004737	XP_015437735.1	XP_017753210.1
OG0004738	XP_015431555.1	XP_017752355.1
OG0004739	XP_015434469.1	XP_017765346.1
OG0004740	XP_015431858.1	XP_017755976.1
OG0004741	XP_015428435.1	XP_017763332.1
OG0004742	XP_015429009.1	XP_017758677.1
OG0004743	XP_015434303.1	XP_017752424.1
OG0004744	XP_015428596.1	XP_017755540.1
OG0004745	XP_015430063.1	XP_017758255.1
OG0004746	XP_015440138.1	XP_017755507.1
OG0004747	XP_015434198.1	XP_017759365.1
OG0004748	XP_015439083.1	XP_017763194.1
OG0004749	XP_015439193.1	XP_017762883.1, XP_017762882.1
OG0004750	XP_015434727.1	XP_017761964.1
OG0004751	XP_015432877.1	XP_017752237.1
OG0004752	XP_015440298.1	XP_017760140.1
OG0004753	XP_015430947.1	XP_017754940.1
OG0004754	XP_015439338.1	XP_017762067.1
OG0004755	XP_015433078.1	XP_017761174.1
OG0004756	XP_015429035.1	XP_017758662.1
OG0004757	XP_015431021.1	XP_017757915.1
OG0004758	XP_015432238.1	XP_017762143.1
OG0004759	XP_015439370.1	XP_017764109.1
OG0004760	XP_015436201.1	XP_017758877.1
OG0004761	XP_015434931.1	XP_017762069.1
OG0004762	XP_015438582.1	XP_017767492.1
OG0004763	XP_015438455.1	XP_017757299.1
OG0004764	XP_015439228.1	XP_017765821.1
OG0004765	XP_015430934.1	XP_017754947.1
OG0004766	XP_015433236.1	XP_017762960.1
OG0004767	XP_015433974.1	XP_017756420.1
OG0004768	XP_015436893.1	XP_017756012.1
OG0004769	XP_015429360.1	XP_017767099.1
OG0004770	XP_015436829.1	XP_017762393.1
OG0004771	XP_015434972.1	XP_017756292.1
OG0004772	XP_015429709.1	XP_017767564.1
OG0004773	XP_015435169.1	XP_017754438.1
OG0004774	XP_015434585.1	XP_017758692.1
OG0004775	XP_015430677.1	XP_017758559.1
OG0004776	XP_015436411.1	XP_017764096.1
OG0004777	XP_015430627.1	XP_017757226.1
OG0004778	XP_015435041.1	XP_017758114.1
OG0004779	XP_015436054.1	XP_017753129.1
OG0004780	XP_015432103.1	XP_017756195.1
OG0004781	XP_015436414.1	XP_017756927.1
OG0004782	XP_015430208.1	XP_017761518.1
OG0004783	XP_015440111.1	XP_017755590.1
OG0004784	XP_015434655.1	XP_017758695.1
OG0004785	XP_015436034.1	XP_017755796.1
OG0004786	XP_015437180.1	XP_017759474.1
OG0004787	XP_015434847.1	XP_017762041.1
OG0004788	XP_015439345.1	XP_017763032.1
OG0004789	XP_015433089.1	XP_017755575.1
OG0004790	XP_015434425.1	XP_017765392.1
OG0004791	XP_015434856.1	XP_017753802.1
OG0004792	XP_015433440.1	XP_017758420.1
OG0004793	XP_015430146.1	XP_017753964.1
OG0004794	XP_015435065.1	XP_017755424.1
OG0004795	XP_015429588.1	XP_017753935.1
OG0004796	XP_015438884.1	XP_017760406.1
OG0004797	XP_015435989.1	XP_017754270.1
OG0004799	XP_015440361.1	XP_017752124.1, XP_017752125.1
OG0004800	XP_015437880.1	XP_017753616.1
OG0004801	XP_015435981.1	XP_017754258.1
OG0004802	XP_015430492.1	XP_017756691.1
OG0004803	XP_015430473.1	XP_017760200.1
OG0004804	XP_015430021.1	XP_017753413.1
OG0004805	XP_015438171.1	XP_017753145.1
OG0004806	XP_015439545.1	XP_017762649.1
OG0004807	XP_015432180.1	XP_017756123.1
OG0004808	XP_015434021.1	XP_017759116.1
OG0004809	XP_015435548.1	XP_017754893.1
OG0004810	XP_015434131.1	XP_017759350.1
OG0004811	XP_015431507.1	XP_017767025.1
OG0004812	XP_015432572.1	XP_017766199.1
OG0004813	XP_015430784.1	XP_017765871.1
OG0004814	XP_015435390.1	XP_017766011.1
OG0004815	XP_015433691.1	XP_017758986.1
OG0004816	XP_015433413.1	XP_017756605.1
OG0004817	XP_015440148.1	XP_017757406.1
OG0004818	XP_015432741.1	XP_017759686.1
OG0004819	XP_015437960.1	XP_017761832.1
OG0004820	XP_015431185.1	XP_017757940.1
OG0004821	XP_015437584.1	XP_017753102.1
OG0004822	XP_015437800.1	XP_017754070.1
OG0004823	XP_015431542.1	XP_017766467.1
OG0004824	XP_015433978.1	XP_017762722.1
OG0004825	XP_015432988.1	XP_017763570.1
OG0004826	XP_015437777.1	XP_017760857.1
OG0004827	XP_015440164.1	XP_017755244.1, XP_017755243.1
OG0004828	XP_015437259.1	XP_017763539.1
OG0004829	XP_015438376.1	XP_017756422.1
OG0004830	XP_015438503.1	XP_017758139.1
OG0004831	XP_015435616.1	XP_017763014.1
OG0004832	XP_015435695.1	XP_017758191.1, XP_017767560.1
OG0004833	XP_015432100.1	XP_017756139.1
OG0004834	XP_015428789.1	XP_017755148.1
OG0004835	XP_015438629.1	XP_017752936.1
OG0004836	XP_015438599.1	XP_017765388.1
OG0004837	XP_015429549.1	XP_017765807.1
OG0004838	XP_015434272.1	XP_017755964.1
OG0004839	XP_015439816.1	XP_017765819.1
OG0004840	XP_015440285.1	XP_017763682.1
OG0004841	XP_015436555.1	XP_017763926.1
OG0004842	XP_015434273.1	XP_017755360.1
OG0004843	XP_015437902.1	XP_017753355.1
OG0004844	XP_015437029.1	XP_017760727.1
OG0004845	XP_015428675.1	XP_017765752.1
OG0004846	XP_015432547.1	XP_017760529.1
OG0004847	XP_015429593.1	XP_017754290.1
OG0004848	XP_015431568.1	XP_017759566.1
OG0004849	XP_015428859.1	XP_017767501.1
OG0004851	XP_015429984.1	XP_017754410.1
OG0004852	XP_015433730.1	XP_017765134.1
OG0004853	XP_015430010.1	XP_017763865.1
OG0004854	XP_015439525.1	XP_017755723.1
OG0004855	XP_015430634.1	XP_017757128.1
OG0004856	XP_015435136.1	XP_017763492.1
OG0004857	XP_015438482.1	XP_017767470.1
OG0004858	XP_015440014.1	XP_017757599.1
OG0004859	XP_015433117.1	XP_017760432.1
OG0004860	XP_015436062.1	XP_017765429.1
OG0004861	XP_015432700.1	XP_017766454.1
OG0004862	XP_015439841.1	XP_017763893.1
OG0004863	XP_015434329.1	XP_017762680.1
OG0004864	XP_015436119.1	XP_017756805.1
OG0004865	XP_015432009.1	XP_017764154.1
OG0004866	XP_015439568.1	XP_017767479.1
OG0004867	XP_015430872.1	XP_017764815.1
OG0004868	XP_015436128.1	XP_017761801.1
OG0004869	XP_015429329.1	XP_017757352.1
OG0004870	XP_015430126.1	XP_017753977.1
OG0004871	XP_015433115.1	XP_017764959.1
OG0004872	XP_015436382.1	XP_017757948.1
OG0004873	XP_015435082.1	XP_017763551.1
OG0004874	XP_015431608.1	XP_017755968.1
OG0004875	XP_015437312.1	XP_017760679.1
OG0004876	XP_015428472.1	XP_017765465.1
OG0004877	XP_015436756.1	XP_017764490.1
OG0004878	XP_015436776.1	XP_017766086.1
OG0004879	XP_015429323.1	XP_017765275.1
OG0004880	XP_015438057.1	XP_017763475.1
OG0004881	XP_015439557.1	XP_017765623.1, XP_017762648.1
OG0004883	XP_015431799.1	XP_017766461.1
OG0004884	XP_015429003.1	XP_017754696.1
OG0004887	XP_015433657.1	XP_017765244.1
OG0004888	XP_015436726.1	XP_017752451.1
OG0004889	XP_015432312.1	XP_017764629.1
OG0004890	XP_015437344.1	XP_017753207.1
OG0004891	XP_015439660.1	XP_017757497.1
OG0004892	XP_015428975.1	XP_017765688.1
OG0004893	XP_015433582.1	XP_017763354.1
OG0004894	XP_015436850.1	XP_017753518.1
OG0004895	XP_015438361.1	XP_017758391.1, XP_017758390.1
OG0004896	XP_015432028.1	XP_017763989.1
OG0004897	XP_015428483.1	XP_017758228.1
OG0004898	XP_015435035.1	XP_017756357.1
OG0004899	XP_015428694.1	XP_017759517.1
OG0004900	XP_015429747.1	XP_017758949.1
OG0004901	XP_015433270.1	XP_017757462.1
OG0004902	XP_015435277.1	XP_017764842.1
OG0004903	XP_015434089.1	XP_017767211.1
OG0004904	XP_015434987.1	XP_017758148.1
OG0004905	XP_015432176.1	XP_017766376.1
OG0004906	XP_015437157.1, XP_015437156.1	XP_017763580.1
OG0004907	XP_015429681.1	XP_017765310.1
OG0004908	XP_015433239.1	XP_017755663.1
OG0004909	XP_015428802.1	XP_017759535.1
OG0004910	XP_015436745.1	XP_017756657.1
OG0004911	XP_015432213.1	XP_017756483.1
OG0004912	XP_015439154.1	XP_017763204.1
OG0004913	XP_015429781.1	XP_017761975.1
OG0004914	XP_015431617.1	XP_017765857.1
OG0004915	XP_015430378.1	XP_017757651.1, XP_017757652.1
OG0004916	XP_015435273.1	XP_017764675.1
OG0004917	XP_015434702.1	XP_017752765.1
OG0004918	XP_015439711.1	XP_017761374.1
OG0004919	XP_015429568.1	XP_017753917.1
OG0004920	XP_015439690.1	XP_017755259.1
OG0004921	XP_015430237.1	XP_017753504.1
OG0004922	XP_015438518.1	XP_017762935.1
OG0004923	XP_015431022.1	XP_017757882.1
OG0004924	XP_015437524.1	XP_017752543.1
OG0004925	XP_015439581.1	XP_017767483.1
OG0004926	XP_015432982.1	XP_017761145.1
OG0004927	XP_015428587.1	XP_017766597.1
OG0004928	XP_015440118.1	XP_017755289.1
OG0004929	XP_015438986.1	XP_017763235.1
OG0004930	XP_015434024.1	XP_017759345.1
OG0004931	XP_015434070.1	XP_017767284.1, XP_017767285.1
OG0004932	XP_015431274.1	XP_017766179.1
OG0004933	XP_015436000.1	XP_017752593.1
OG0004934	XP_015428665.1	XP_017766764.1
OG0004935	XP_015431821.1	XP_017762746.1, XP_017762755.1, XP_017762743.1
OG0004936	XP_015436759.1	XP_017758277.1
OG0004937	XP_015432944.1	XP_017754085.1
OG0004938	XP_015438409.1	XP_017757723.1
OG0004939	XP_015440512.1	XP_017761503.1
OG0004940	XP_015434780.1	XP_017757752.1
OG0004941	XP_015433957.1	XP_017756361.1
OG0004942	XP_015432622.1	XP_017766295.1
OG0004943	XP_015432091.1	XP_017756203.1
OG0004944	XP_015433575.1	XP_017759823.1, XP_017762593.1, XP_017755892.1
OG0004945	XP_015434806.1	XP_017752784.1
OG0004946	XP_015437605.1	XP_017760137.1
OG0004947	XP_015433369.1	XP_017767701.1
OG0004948	XP_015438062.1	XP_017763040.1
OG0004949	XP_015430221.1	XP_017761614.1
OG0004950	XP_015435022.1	XP_017755187.1
OG0004951	XP_015434785.1	XP_017753736.1
OG0004952	XP_015440140.1	XP_017761356.1
OG0004954	XP_015437284.1	XP_017762832.1
OG0004955	XP_015431034.1	XP_017759792.1
OG0004956	XP_015439495.1	XP_017763254.1
OG0004956	XP_015439546.1	XP_017763243.1
OG0004957	XP_015434129.1, XP_015434130.1	XP_017760625.1
OG0004958	XP_015432842.1	XP_017766054.1
OG0004959	XP_015430043.1, XP_015430039.1	XP_017763874.1, XP_017763873.1
OG0004960	XP_015428885.1	XP_017767428.1
OG0004961	XP_015429137.1, XP_015429138.1	XP_017762969.1
OG0004962	XP_015440362.1	XP_017767770.1
OG0004963	XP_015429387.1	XP_017756609.1
OG0004963	XP_015429386.1	XP_017756622.1
OG0004964	XP_015428578.1	XP_017764248.1
OG0004965	XP_015434792.1	XP_017753746.1
OG0004966	XP_015433111.1	XP_017765249.1
OG0004967	XP_015433740.1	XP_017762485.1
OG0004968	XP_015433933.1	XP_017757987.1
OG0004969	XP_015434566.1	XP_017762406.1, XP_017762407.1
OG0004976	XP_015431349.1	XP_017754240.1
OG0004977	XP_015434598.1	XP_017759758.1
OG0004978	XP_015430471.1	XP_017754927.1
OG0004979	XP_015434846.1	XP_017753767.1
OG0004980	XP_015432585.1	XP_017762919.1
OG0004981	XP_015429921.1	XP_017754384.1
OG0004982	XP_015436214.1	XP_017765538.1
OG0004983	XP_015439094.1	XP_017759878.1
OG0004984	XP_015429354.1	XP_017759066.1
OG0004985	XP_015428978.1	XP_017752508.1
OG0004986	XP_015428827.1	XP_017759591.1
OG0004987	XP_015434713.1	XP_017759145.1
OG0004988	XP_015438605.1	XP_017758025.1
OG0004989	XP_015431863.1	XP_017766361.1, XP_017766362.1
OG0004990	XP_015428845.1	XP_017759265.1
OG0004991	XP_015431551.1	XP_017767039.1
OG0004992	XP_015436996.1	XP_017762435.1, XP_017762433.1, XP_017762434.1
OG0004993	XP_015432016.1	XP_017761722.1, XP_017761723.1
OG0004994	XP_015428892.1	XP_017767418.1
OG0004995	XP_015432943.1	XP_017766016.1
OG0004996	XP_015439940.1	XP_017755633.1
OG0004997	XP_015431181.1	XP_017756675.1
OG0004998	XP_015435144.1	XP_017755924.1, XP_017755925.1
OG0004999	XP_015439096.1	XP_017759941.1
OG0005000	XP_015433475.1	XP_017763641.1
OG0005001	XP_015439171.1	XP_017765509.1
OG0005002	XP_015439638.1	XP_017757419.1
OG0005003	XP_015439636.1	XP_017763720.1
OG0005004	XP_015435890.1	XP_017757280.1, XP_017757279.1, XP_017757278.1
OG0005005	XP_015440421.1	XP_017756718.1
OG0005006	XP_015435093.1	XP_017752274.1
OG0005007	XP_015429463.1	XP_017759814.1
OG0005008	XP_015436252.1	XP_017758839.1
OG0005009	XP_015437932.1	XP_017753213.1
OG0005010	XP_015436289.1	XP_017765571.1
OG0005011	XP_015437256.1	XP_017753614.1, XP_017753629.1
OG0005012	XP_015438855.1	XP_017760350.1
OG0005013	XP_015434275.1	XP_017752312.1
OG0005014	XP_015438776.1	XP_017763839.1
OG0005015	XP_015432131.1	XP_017754727.1
OG0005016	XP_015429086.1	XP_017754731.1
OG0005017	XP_015437738.1	XP_017760828.1
OG0005018	XP_015430491.1	XP_017764167.1
OG0005019	XP_015435393.1	XP_017764236.1
OG0005020	XP_015439081.1	XP_017762874.1
OG0005021	XP_015437378.1	XP_017760840.1
OG0005022	XP_015439906.1	XP_017755269.1
OG0005023	XP_015428569.1	XP_017766623.1
OG0005024	XP_015436957.1	XP_017765878.1
OG0005025	XP_015436924.1	XP_017766334.1
OG0005026	XP_015429336.1	XP_017757310.1
OG0005027	XP_015430884.1	XP_017763557.1
OG0005028	XP_015429821.1	XP_017753191.1
OG0005029	XP_015435381.1	XP_017754076.1
OG0005030	XP_015430788.1	XP_017754321.1
OG0005031	XP_015432174.1	XP_017756496.1
OG0005032	XP_015430409.1	XP_017764188.1
OG0005033	XP_015429987.1	XP_017763863.1
OG0005034	XP_015440499.1	XP_017761946.1
OG0005035	XP_015435914.1	XP_017759187.1
OG0005036	XP_015432484.1	XP_017764976.1
OG0005037	XP_015438735.1	XP_017760182.1
OG0005038	XP_015433850.1	XP_017762489.1
OG0005039	XP_015439982.1	XP_017757522.1, XP_017757523.1, XP_017757524.1
OG0005040	XP_015431501.1	XP_017757396.1
OG0005041	XP_015434124.1	XP_017760606.1
OG0005042	XP_015440113.1	XP_017757536.1
OG0005043	XP_015439448.1	XP_017752809.1
OG0005044	XP_015440490.1	XP_017761921.1
OG0005045	XP_015435754.1	XP_017765605.1
OG0005046	XP_015430944.1	XP_017754920.1
OG0005047	XP_015432488.1	XP_017753820.1
OG0005048	XP_015434073.1	XP_017755510.1
OG0005049	XP_015431557.1	XP_017767045.1
OG0005050	XP_015432616.1	XP_017765494.1
OG0005051	XP_015439883.1	XP_017755296.1
OG0005052	XP_015440065.1	XP_017759177.1
OG0005053	XP_015428559.1	XP_017764643.1
OG0005054	XP_015436750.1	XP_017760469.1
OG0005055	XP_015437043.1	XP_017760853.1
OG0005056	XP_015429089.1	XP_017754713.1, XP_017754716.1, XP_017754714.1, XP_017754717.1
OG0005057	XP_015432511.1	XP_017753741.1
OG0005058	XP_015430641.1	XP_017756069.1
OG0005059	XP_015439148.1	XP_017759861.1
OG0005060	XP_015429486.1	XP_017761287.1
OG0005061	XP_015439976.1	XP_017757473.1
OG0005062	XP_015436294.1	XP_017755738.1
OG0005063	XP_015432229.1	XP_017764097.1
OG0005064	XP_015436149.1	XP_017755808.1
OG0005065	XP_015429545.1	XP_017761748.1
OG0005066	XP_015434516.1	XP_017757112.1
OG0005067	XP_015429773.1	XP_017763960.1
OG0005068	XP_015432246.1	XP_017756179.1
OG0005070	XP_015435397.1	XP_017766026.1
OG0005071	XP_015438744.1	XP_017754352.1
OG0005072	XP_015432459.1	XP_017764969.1
OG0005073	XP_015430193.1	XP_017762012.1
OG0005074	XP_015430875.1	XP_017764346.1
OG0005075	XP_015430880.1	XP_017764344.1
OG0005076	XP_015434833.1	XP_017752704.1
OG0005077	XP_015438465.1	XP_017761716.1
OG0005078	XP_015435658.1	XP_017761884.1, XP_017761883.1
OG0005079	XP_015432918.1	XP_017753052.1
OG0005080	XP_015438328.1	XP_017762397.1
OG0005081	XP_015440443.1	XP_017766975.1
OG0005082	XP_015434741.1	XP_017752758.1
OG0005083	XP_015439390.1	XP_017752810.1
OG0005084	XP_015433671.1	XP_017765081.1
OG0005085	XP_015429800.1	XP_017762769.1
OG0005086	XP_015430653.1	XP_017765842.1, XP_017765843.1
OG0005087	XP_015436432.1	XP_017758846.1
OG0005089	XP_015428666.1, XP_015428674.1	XP_017765481.1
OG0005090	XP_015430337.1	XP_017754658.1
OG0005091	XP_015430235.1	XP_017760592.1
OG0005092	XP_015433155.1	XP_017758105.1
OG0005093	XP_015435857.1	XP_017767030.1
OG0005094	XP_015429436.1	XP_017762702.1
OG0005095	XP_015438215.1	XP_017762804.1
OG0005096	XP_015428807.1	XP_017755112.1
OG0005097	XP_015435163.1	XP_017757768.1
OG0005098	XP_015438993.1	XP_017762863.1
OG0005099	XP_015440124.1	XP_017753682.1
OG0005100	XP_015429039.1	XP_017754735.1
OG0005101	XP_015431224.1	XP_017762454.1
OG0005102	XP_015438489.1	XP_017757661.1
OG0005103	XP_015435992.1	XP_017752286.1
OG0005104	XP_015432275.1	XP_017764083.1
OG0005105	XP_015430691.1	XP_017757197.1
OG0005106	XP_015430359.1	XP_017763298.1
OG0005107	XP_015432874.1	XP_017765978.1
OG0005108	XP_015429400.1	XP_017756627.1
OG0005109	XP_015434740.1	XP_017758279.1
OG0005110	XP_015429730.1	XP_017765428.1
OG0005111	XP_015434088.1	XP_017760623.1
OG0005112	XP_015438330.1	XP_017755895.1
OG0005113	XP_015430847.1	XP_017757210.1
OG0005114	XP_015432232.1	XP_017756161.1
OG0005115	XP_015430273.1	XP_017763318.1
OG0005116	XP_015432617.1	XP_017758438.1
OG0005117	XP_015431540.1	XP_017756051.1
OG0005118	XP_015431576.1	XP_017767095.1
OG0005119	XP_015430274.1	XP_017763317.1
OG0005120	XP_015438665.1	XP_017752942.1
OG0005121	XP_015431711.1	XP_017763691.1
OG0005122	XP_015439331.1	XP_017752789.1
OG0005123	XP_015437945.1	XP_017752948.1
OG0005124	XP_015429322.1	XP_017757276.1
OG0005125	XP_015432236.1	XP_017756165.1
OG0005126	XP_015439899.1	XP_017762036.1
OG0005127	XP_015439796.1	XP_017767698.1
OG0005128	XP_015431865.1	XP_017753372.1
OG0005129	XP_015430697.1	XP_017765958.1, XP_017765960.1, XP_017765961.1, XP_017765959.1
OG0005130	XP_015438488.1	XP_017757919.1
OG0005131	XP_015437991.1	XP_017758118.1
OG0005132	XP_015436475.1	XP_017759403.1
OG0005133	XP_015440044.1	XP_017753677.1
OG0005134	XP_015433520.1	XP_017758982.1
OG0005135	XP_015437668.1	XP_017767416.1
OG0005136	XP_015433479.1	XP_017754515.1
OG0005137	XP_015431043.1	XP_017757939.1
OG0005138	XP_015433847.1	XP_017759229.1
OG0005139	XP_015438270.1	XP_017762247.1
OG0005140	XP_015440509.1	XP_017760836.1
OG0005141	XP_015435666.1	XP_017765561.1
OG0005142	XP_015439406.1	XP_017752780.1
OG0005143	XP_015432964.1	XP_017763568.1
OG0005145	XP_015432711.1	XP_017762154.1
OG0005146	XP_015428780.1	XP_017759521.1
OG0005147	XP_015438211.1	XP_017753502.1
OG0005148	XP_015432257.1	XP_017756100.1
OG0005149	XP_015430910.1	XP_017764309.1
OG0005150	XP_015439835.1	XP_017765331.1
OG0005151	XP_015432102.1	XP_017756169.1
OG0005152	XP_015436730.1	XP_017752464.1
OG0005153	XP_015430931.1	XP_017764567.1
OG0005154	XP_015437766.1	XP_017760829.1
OG0005155	XP_015439218.1	XP_017753823.1
OG0005156	XP_015437819.1	XP_017761249.1
OG0005157	XP_015435824.1	XP_017767075.1
OG0005158	XP_015429225.1	XP_017763490.1
OG0005159	XP_015435450.1	XP_017764652.1
OG0005160	XP_015431120.1	XP_017758296.1
OG0005161	XP_015430907.1	XP_017754926.1
OG0005162	XP_015432326.1	XP_017766539.1
OG0005163	XP_015437999.1	XP_017765785.1
OG0005164	XP_015430939.1	XP_017764319.1
OG0005165	XP_015437719.1	XP_017764801.1
OG0005166	XP_015432228.1	XP_017756168.1
OG0005167	XP_015429462.1	XP_017760768.1
OG0005168	XP_015439977.1	XP_017765939.1
OG0005169	XP_015438777.1	XP_017761319.1
OG0005170	XP_015431154.1	XP_017755754.1
OG0005171	XP_015430532.1	XP_017764162.1
OG0005172	XP_015428583.1	XP_017766514.1
OG0005173	XP_015438372.1	XP_017757372.1
OG0005174	XP_015433317.1	XP_017755652.1
OG0005175	XP_015439285.1	XP_017754481.1
OG0005176	XP_015432023.1	XP_017757020.1
OG0005177	XP_015430629.1	XP_017757219.1
OG0005178	XP_015434930.1	XP_017752782.1
OG0005179	XP_015432231.1	XP_017756155.1
OG0005180	XP_015436772.1	XP_017761678.1
OG0005181	XP_015430554.1	XP_017764205.1, XP_017764204.1, XP_017764206.1
OG0005182	XP_015438814.1	XP_017761476.1
OG0005183	XP_015435602.1	XP_017753786.1
OG0005184	XP_015435067.1, XP_015435066.1	XP_017756307.1, XP_017756309.1
OG0005185	XP_015437931.1	XP_017765783.1
OG0005186	XP_015431333.1	XP_017764119.1
OG0005187	XP_015433367.1	XP_017767669.1
OG0005188	XP_015436903.1	XP_017767612.1
OG0005189	XP_015430913.1	XP_017754948.1
OG0005190	XP_015433476.1	XP_017763633.1
OG0005191	XP_015432135.1	XP_017752911.1
OG0005192	XP_015432251.1	XP_017756499.1, XP_017756537.1
OG0005193	XP_015440256.1	XP_017757503.1
OG0005194	XP_015438172.1	XP_017761372.1
OG0005195	XP_015431990.1	XP_017761777.1
OG0005196	XP_015432747.1	XP_017762163.1
OG0005197	XP_015438593.1	XP_017758280.1
OG0005199	XP_015437191.1	XP_017760179.1
OG0005200	XP_015433477.1	XP_017754506.1
OG0005201	XP_015440461.1	XP_017765469.1
OG0005202	XP_015438548.1	XP_017765387.1
OG0005203	XP_015429558.1	XP_017752251.1
OG0005204	XP_015430147.1	XP_017767643.1
OG0005205	XP_015431757.1	XP_017763667.1
OG0005206	XP_015432853.1	XP_017754222.1
OG0005207	XP_015437877.1	XP_017754458.1
OG0005208	XP_015431611.1, XP_015431610.1	XP_017765868.1
OG0005209	XP_015431018.1	XP_017757929.1
OG0005211	XP_015430633.1	XP_017757208.1
OG0005212	XP_015428866.1	XP_017767489.1
OG0005213	XP_015433668.1	XP_017767035.1
OG0005214	XP_015430979.1	XP_017764565.1, XP_017764566.1
OG0005215	XP_015437492.1	XP_017756001.1
OG0005216	XP_015431413.1	XP_017766243.1
OG0005217	XP_015436983.1	XP_017766885.1
OG0005218	XP_015437012.1	XP_017760942.1
OG0005219	XP_015435699.1	XP_017756659.1
OG0005220	XP_015436923.1	XP_017766313.1
OG0005221	XP_015430672.1	XP_017765949.1
OG0005222	XP_015428475.1	XP_017753585.1
OG0005223	XP_015429050.1	XP_017762967.1
OG0005224	XP_015428806.1	XP_017759986.1
OG0005225	XP_015431380.1	XP_017756473.1
OG0005226	XP_015436121.1	XP_017756966.1
OG0005227	XP_015436176.1	XP_017756967.1
OG0005228	XP_015438040.1, XP_015428764.1	XP_017764342.1
OG0005229	XP_015432967.1	XP_017766012.1
OG0005230	XP_015439027.1, XP_015439028.1	XP_017752572.1
OG0005231	XP_015430287.1	XP_017754672.1
OG0005232	XP_015440035.1	XP_017755260.1
OG0005233	XP_015437801.1	XP_017762317.1
OG0005234	XP_015437739.1	XP_017760794.1
OG0005235	XP_015432695.1	XP_017762122.1
OG0005236	XP_015438952.1	XP_017767184.1
OG0005237	XP_015433302.1	XP_017767664.1
OG0005238	XP_015434944.1	XP_017756328.1
OG0005239	XP_015428459.1	XP_017759981.1
OG0005240	XP_015436310.1	XP_017755760.1, XP_017755756.1
OG0005241	XP_015437384.1	XP_017760861.1
OG0005242	XP_015428458.1	XP_017753576.1
OG0005243	XP_015432858.1	XP_017754074.1
OG0005244	XP_015431846.1	XP_017755992.1
OG0005245	XP_015434510.1	XP_017754992.1
OG0005246	XP_015434287.1	XP_017763904.1
OG0005248	XP_015429337.1	XP_017764913.1
OG0005249	XP_015435227.1	XP_017757820.1
OG0005250	XP_015436593.1	XP_017763946.1
OG0005251	XP_015435861.1	XP_017752347.1
OG0005252	XP_015430516.1	XP_017763635.1
OG0005253	XP_015439273.1, XP_015439274.1	XP_017763237.1
OG0005254	XP_015435376.1	XP_017763272.1
OG0005256	XP_015437535.1	XP_017763365.1
OG0005257	XP_015433420.1	XP_017763552.1
OG0005258	XP_015438787.1	XP_017761327.1
OG0005259	XP_015429550.1	XP_017765811.1
OG0005260	XP_015431372.1	XP_017766233.1
OG0005261	XP_015435679.1	XP_017759136.1
OG0005262	XP_015434323.1	XP_017762927.1
OG0005263	XP_015433981.1	XP_017755130.1
OG0005264	XP_015435529.1	XP_017754895.1
OG0005265	XP_015435377.1	XP_017754217.1
OG0005266	XP_015429742.1	XP_017765447.1
OG0005267	XP_015431897.1	XP_017752655.1
OG0005268	XP_015430158.1	XP_017764468.1
OG0005269	XP_015431500.1	XP_017766998.1
OG0005270	XP_015433229.1	XP_017763001.1
OG0005271	XP_015435341.1	XP_017759040.1
OG0005272	XP_015439533.1	XP_017762643.1
OG0005273	XP_015439324.1	XP_017765213.1
OG0005274	XP_015434123.1	XP_017767190.1
OG0005275	XP_015430507.1	XP_017764191.1
OG0005276	XP_015437368.1	XP_017760798.1
OG0005277	XP_015435113.1	XP_017763478.1
OG0005278	XP_015435112.1	XP_017763439.1
OG0005279	XP_015433044.1	XP_017754214.1
OG0005280	XP_015431338.1	XP_017757852.1
OG0005281	XP_015429767.1	XP_017761987.1
OG0005282	XP_015439360.1	XP_017766934.1
OG0005283	XP_015439793.1	XP_017767654.1
OG0005284	XP_015433488.1	XP_017754931.1
OG0005285	XP_015438327.1	XP_017753490.1
OG0005286	XP_015429500.1	XP_017752263.1
OG0005287	XP_015431306.1	XP_017756443.1
OG0005288	XP_015429251.1	XP_017761335.1
OG0005289	XP_015437974.1	XP_017752957.1
OG0005290	XP_015434694.1	XP_017752767.1
OG0005291	XP_015438793.1	XP_017760673.1
OG0005292	XP_015437786.1	XP_017760912.1
OG0005293	XP_015437170.1, XP_015437169.1	XP_017763582.1
OG0005294	XP_015440505.1, XP_015440506.1	XP_017761502.1
OG0005295	XP_015438461.1	XP_017767397.1
OG0005296	XP_015428408.1	XP_017761451.1
OG0005297	XP_015429292.1	XP_017763480.1
OG0005298	XP_015432194.1	XP_017762133.1
OG0005299	XP_015432460.1	XP_017753759.1
OG0005300	XP_015430248.1	XP_017764446.1
OG0005301	XP_015438491.1	XP_017758359.1
OG0005302	XP_015438813.1	XP_017760693.1
OG0005303	XP_015430262.1	XP_017754641.1
OG0005304	XP_015431249.1	XP_017757890.1
OG0005305	XP_015430293.1	XP_017764419.1
OG0005306	XP_015434234.1	XP_017762678.1
OG0005307	XP_015437410.1	XP_017760770.1
OG0005308	XP_015438144.1	XP_017766982.1
OG0005309	XP_015438837.1	XP_017760356.1
OG0005310	XP_015439411.1	XP_017753838.1
OG0005311	XP_015434501.1	XP_017757124.1
OG0005312	XP_015440454.1	XP_017761455.1
OG0005313	XP_015435513.1	XP_017761947.1
OG0005314	XP_015432212.1	XP_017760995.1
OG0005315	XP_015438805.1	XP_017760815.1
OG0005316	XP_015429282.1	XP_017756769.1
OG0005317	XP_015438041.1	XP_017764348.1
OG0005318	XP_015436994.1	XP_017753345.1
OG0005319	XP_015437822.1	XP_017757772.1
OG0005320	XP_015435208.1	XP_017757830.1
OG0005321	XP_015437776.1	XP_017764791.1
OG0005322	XP_015431601.1	XP_017756628.1
OG0005323	XP_015433264.1	XP_017757594.1
OG0005324	XP_015430312.1	XP_017754610.1
OG0005325	XP_015431514.1	XP_017762365.1
OG0005326	XP_015431607.1	XP_017756582.1
OG0005327	XP_015437755.1	XP_017760735.1
OG0005328	XP_015438240.1	XP_017762793.1
OG0005329	XP_015431053.1	XP_017759437.1
OG0005330	XP_015431813.1	XP_017755967.1
OG0005331	XP_015429195.1	XP_017761128.1
OG0005332	XP_015432273.1	XP_017758269.1
OG0005333	XP_015434008.1	XP_017755106.1
OG0005334	XP_015428821.1	XP_017755089.1
OG0005335	XP_015432671.1	XP_017759644.1
OG0005336	XP_015431343.1	XP_017756426.1
OG0005337	XP_015429250.1	XP_017762613.1, XP_017762612.1
OG0005338	XP_015439155.1	XP_017757072.1
OG0005339	XP_015437749.1	XP_017764781.1
OG0005340	XP_015440482.1	XP_017761501.1
OG0005341	XP_015436839.1	XP_017753523.1, XP_017753497.1
OG0005342	XP_015428915.1	XP_017767361.1
OG0005343	XP_015430682.1	XP_017760071.1
OG0005344	XP_015440325.1	XP_017753395.1
OG0005345	XP_015434319.1	XP_017761826.1
OG0005346	XP_015438714.1	XP_017753425.1
OG0005347	XP_015433192.1	XP_017752313.1
OG0005348	XP_015432157.1	XP_017761004.1
OG0005349	XP_015437337.1	XP_017760778.1
OG0005350	XP_015439276.1	XP_017761557.1
OG0005351	XP_015430003.1	XP_017757642.1
OG0005352	XP_015430587.1	XP_017764616.1
OG0005353	XP_015439649.1	XP_017757423.1
OG0005354	XP_015430286.1	XP_017754606.1
OG0005355	XP_015432953.1	XP_017765992.1
OG0005356	XP_015432757.1	XP_017761023.1
OG0005357	XP_015433104.1	XP_017758098.1
OG0005358	XP_015439070.1	XP_017760331.1
OG0005359	XP_015433141.1	XP_017752842.1
OG0005360	XP_015431535.1	XP_017752350.1
OG0005361	XP_015440427.1	XP_017761901.1
OG0005363	XP_015437940.1	XP_017752963.1
OG0005364	XP_015440038.1	XP_017757508.1
OG0005365	XP_015436480.1	XP_017760543.1
OG0005366	XP_015435637.1	XP_017754765.1
OG0005367	XP_015429013.1	XP_017765202.1
OG0005368	XP_015438627.1	XP_017752869.1
OG0005369	XP_015436212.1	XP_017759490.1
OG0005370	XP_015437905.1	XP_017761893.1
OG0005371	XP_015434662.1	XP_017753565.1
OG0005372	XP_015431905.1	XP_017766948.1
OG0005373	XP_015436684.1	XP_017763316.1
OG0005374	XP_015438087.1	XP_017763690.1
OG0005375	XP_015435167.1	XP_017763759.1, XP_017763760.1
OG0005376	XP_015429837.1	XP_017759655.1
OG0005377	XP_015435748.1	XP_017753541.1
OG0005378	XP_015434057.1	XP_017767235.1
OG0005379	XP_015429854.1	XP_017765442.1
OG0005380	XP_015438812.1	XP_017760790.1
OG0005381	XP_015433241.1	XP_017762947.1
OG0005382	XP_015433634.1	XP_017755527.1
OG0005383	XP_015432225.1	XP_017756103.1, XP_017756104.1
OG0005384	XP_015439017.1	XP_017759864.1
OG0005385	XP_015434255.1	XP_017752354.1
OG0005386	XP_015435204.1	XP_017763786.1
OG0005387	XP_015430712.1	XP_017757177.1
OG0005388	XP_015434735.1	XP_017759142.1
OG0005389	XP_015437737.1	XP_017760835.1
OG0005390	XP_015430737.1	XP_017758583.1
OG0005391	XP_015438202.1	XP_017753456.1
OG0005392	XP_015432491.1	XP_017764979.1
OG0005393	XP_015430013.1	XP_017752610.1, XP_017752611.1
OG0005394	XP_015438425.1	XP_017756421.1
OG0005395	XP_015440125.1	XP_017758746.1
OG0005396	XP_015435114.1	XP_017752258.1
OG0005397	XP_015438276.1	XP_017761109.1
OG0005398	XP_015436018.1	XP_017752664.1
OG0005399	XP_015428948.1	XP_017767459.1
OG0005400	XP_015437948.1	XP_017763030.1
OG0005401	XP_015437683.1	XP_017766586.1
OG0005402	XP_015432494.1	XP_017764964.1
OG0005403	XP_015433784.1	XP_017759578.1
OG0005404	XP_015429153.1	XP_017762971.1
OG0005405	XP_015430364.1	XP_017765454.1
OG0005406	XP_015430579.1	XP_017753649.1
OG0005408	XP_015432890.1	XP_017754022.1
OG0005409	XP_015430797.1	XP_017757191.1
OG0005410	XP_015432752.1	XP_017763297.1
OG0005411	XP_015437829.1	XP_017765007.1, XP_017765008.1
OG0005412	XP_015434963.1	XP_017762527.1
OG0005413	XP_015430881.1	XP_017762355.1
OG0005414	XP_015434763.1	XP_017757725.1
OG0005415	XP_015436075.1	XP_017761816.1
OG0005416	XP_015430329.1	XP_017764441.1
OG0005417	XP_015436518.1	XP_017763924.1
OG0005418	XP_015432132.1	XP_017756105.1
OG0005419	XP_015436582.1	XP_017756530.1
OG0005420	XP_015431852.1	XP_017762690.1, XP_017762689.1
OG0005421	XP_015439401.1	XP_017758108.1
OG0005422	XP_015429994.1	XP_017754401.1
OG0005423	XP_015439433.1, XP_015439432.1	XP_017758091.1
OG0005424	XP_015429161.1	XP_017765205.1
OG0005425	XP_015435734.1, XP_015435750.1	XP_017764273.1
OG0005426	XP_015438639.1	XP_017761409.1
OG0005427	XP_015438754.1	XP_017763729.1
OG0005428	XP_015431912.1	XP_017759268.1
OG0005429	XP_015429102.1	XP_017758669.1
OG0005430	XP_015433253.1	XP_017762955.1
OG0005431	XP_015437652.1	XP_017767351.1
OG0005432	XP_015430780.1	XP_017757189.1
OG0005433	XP_015429179.1	XP_017765609.1, XP_017765686.1
OG0005434	XP_015438631.1	XP_017767122.1
OG0005435	XP_015435284.1	XP_017763275.1
OG0005436	XP_015438028.1	XP_017764390.1
OG0005437	XP_015435530.1	XP_017763393.1, XP_017763392.1
OG0005438	XP_015429488.1	XP_017760267.1
OG0005439	XP_015431775.1	XP_017758645.1
OG0005440	XP_015434845.1	XP_017760968.1
OG0005441	XP_015436311.1	XP_017753619.1
OG0005442	XP_015428910.1	XP_017767374.1
OG0005443	XP_015436521.1	XP_017763952.1
OG0005444	XP_015430557.1	XP_017761633.1
OG0005445	XP_015436011.1	XP_017754302.1
OG0005446	XP_015439531.1	XP_017755717.1
OG0005447	XP_015437860.1	XP_017764227.1
OG0005448	XP_015440271.1	XP_017767737.1
OG0005449	XP_015437790.1	XP_017764776.1
OG0005450	XP_015436612.1	XP_017763702.1
OG0005451	XP_015437161.1	XP_017766151.1
OG0005452	XP_015438595.1	XP_017764763.1
OG0005453	XP_015436517.1	XP_017763938.1
OG0005454	XP_015440122.1	XP_017765750.1
OG0005455	XP_015434336.1	XP_017753082.1
OG0005456	XP_015434724.1	XP_017752771.1
OG0005458	XP_015438315.1	XP_017755903.1
OG0005459	XP_015434221.1	XP_017752375.1
OG0005460	XP_015436727.1	XP_017752463.1
OG0005461	XP_015439762.1	XP_017760491.1
OG0005462	XP_015438025.1	XP_017766503.1
OG0005464	XP_015437376.1	XP_017762263.1
OG0005465	XP_015437592.1	XP_017760129.1
OG0005466	XP_015432279.1	XP_017756196.1
OG0005467	XP_015435406.1	XP_017764554.1
OG0005468	XP_015432323.1	XP_017766679.1
OG0005470	XP_015437876.1	XP_017754524.1
OG0005471	XP_015437260.1	XP_017763569.1
OG0005472	XP_015435344.1	XP_017764671.1
OG0005473	XP_015437155.1	XP_017766160.1
OG0005474	XP_015439189.1	XP_017759902.1
OG0005475	XP_015438848.1	XP_017761495.1
OG0005476	XP_015430886.1	XP_017754923.1
OG0005477	XP_015429481.1	XP_017761284.1
OG0005478	XP_015433892.1	XP_017759245.1
OG0005479	XP_015437151.1	XP_017766091.1
OG0005480	XP_015433572.1	XP_017753044.1
OG0005482	XP_015434225.1	XP_017763359.1
OG0005483	XP_015430619.1	XP_017765823.1
OG0005484	XP_015437097.1	XP_017757331.1
OG0005485	XP_015437825.1	XP_017764349.1
OG0005486	XP_015433322.1	XP_017767673.1
OG0005487	XP_015436328.1	XP_017765530.1
OG0005488	XP_015436566.1	XP_017754822.1
OG0005489	XP_015435145.1	XP_017763523.1
OG0005490	XP_015430044.1	XP_017763875.1
OG0005491	XP_015430498.1	XP_017763623.1
OG0005492	XP_015430536.1	XP_017764161.1
OG0005493	XP_015428863.1	XP_017767511.1
OG0005494	XP_015434709.1	XP_017759144.1
OG0005495	XP_015430696.1	XP_017757160.1
OG0005496	XP_015429901.1	XP_017753071.1
OG0005497	XP_015439025.1	XP_017761522.1
OG0005498	XP_015429976.1	XP_017759670.1
OG0005499	XP_015436762.1	XP_017761682.1
OG0005500	XP_015432374.1	XP_017766644.1
OG0005501	XP_015435303.1	XP_017754078.1
OG0005502	XP_015431284.1	XP_017766229.1
OG0005503	XP_015433195.1	XP_017752265.1
OG0005504	XP_015437866.1	XP_017762668.1, XP_017762669.1
OG0005505	XP_015438478.1	XP_017758533.1
OG0005506	XP_015429791.1	XP_017763955.1
OG0005507	XP_015438199.1	XP_017762805.1
OG0005508	XP_015437497.1	XP_017756260.1
OG0005509	XP_015432554.1	XP_017754323.1
OG0005510	XP_015434417.1	XP_017763141.1
OG0005511	XP_015437013.1	XP_017760739.1
OG0005512	XP_015428387.1	XP_017761907.1
OG0005513	XP_015438469.1	XP_017762670.1
OG0005514	XP_015435343.1	XP_017764666.1
OG0005515	XP_015438260.1	XP_017752622.1
OG0005517	XP_015439787.1	XP_017758775.1
OG0005518	XP_015438338.1	XP_017761368.1
OG0005519	XP_015431835.1	XP_017762106.1
OG0005520	XP_015430466.1	XP_017764179.1, XP_017764178.1
OG0005521	XP_015439722.1	XP_017767705.1
OG0005522	XP_015430742.1	XP_017765856.1
OG0005523	XP_015438778.1	XP_017763697.1
OG0005524	XP_015435708.1	XP_017757726.1
OG0005525	XP_015428754.1	XP_017759500.1
OG0005526	XP_015436101.1	XP_017755771.1
OG0005527	XP_015430854.1	XP_017757222.1
OG0005528	XP_015431534.1	XP_017754340.1
OG0005529	XP_015431423.1	XP_017766226.1
OG0005530	XP_015428753.1	XP_017759495.1
OG0005531	XP_015435614.1	XP_017764983.1
OG0005532	XP_015438941.1	XP_017763171.1
OG0005533	XP_015429019.1	XP_017762543.1
OG0005534	XP_015429825.1	XP_017753229.1
OG0005535	XP_015440088.1	XP_017764934.1
OG0005536	XP_015437837.1	XP_017758005.1
OG0005537	XP_015433649.1	XP_017767100.1
OG0005538	XP_015438457.1	XP_017757754.1
OG0005539	XP_015440231.1	XP_017757619.1
OG0005540	XP_015434207.1	XP_017759362.1
OG0005541	XP_015439170.1	XP_017762877.1
OG0005542	XP_015435139.1	XP_017755917.1
OG0005543	XP_015429804.1	XP_017759258.1
OG0005544	XP_015440296.1	XP_017765565.1
OG0005545	XP_015432046.1	XP_017762482.1
OG0005546	XP_015435219.1	XP_017752236.1
OG0005547	XP_015438725.1	XP_017753589.1
OG0005548	XP_015429334.1	XP_017757390.1
OG0005549	XP_015435188.1	XP_017763785.1
OG0005550	XP_015437741.1	XP_017760960.1
OG0005551	XP_015438641.1	XP_017766085.1
OG0005552	XP_015440080.1, XP_015440079.1	XP_017767652.1
OG0005553	XP_015440275.1	XP_017757626.1
OG0005555	XP_015437626.1	XP_017763835.1
OG0005556	XP_015432996.1	XP_017754131.1
OG0005557	XP_015433417.1	XP_017756602.1
OG0005558	XP_015439376.1	XP_017752845.1
OG0005559	XP_015433905.1	XP_017759016.1
OG0005560	XP_015432290.1	XP_017766616.1
OG0005561	XP_015438416.1	XP_017758403.1, XP_017757837.1
OG0005562	XP_015432160.1	XP_017752910.1
OG0005563	XP_015438799.1	XP_017761465.1
OG0005564	XP_015436378.1	XP_017755794.1
OG0005565	XP_015438900.1	XP_017755015.1
OG0005566	XP_015439044.1	XP_017758937.1
OG0005567	XP_015436823.1	XP_017758196.1
OG0005568	XP_015431110.1	XP_017758342.1
OG0005569	XP_015434280.1	XP_017759501.1
OG0005570	XP_015432242.1	XP_017759834.1
OG0005571	XP_015432931.1	XP_017760980.1
OG0005572	XP_015436364.1, XP_015436366.1	XP_017758873.1
OG0005573	XP_015437307.1	XP_017761196.1
OG0005574	XP_015429183.1	XP_017753110.1
OG0005575	XP_015436004.1	XP_017754289.1
OG0005576	XP_015429625.1	XP_017760300.1
OG0005577	XP_015433370.1	XP_017755631.1
OG0005578	XP_015434831.1	XP_017759115.1
OG0005579	XP_015433168.1, XP_015433167.1	XP_017752850.1
OG0005580	XP_015437389.1	XP_017755181.1
OG0005581	XP_015434993.1	XP_017756406.1
OG0005582	XP_015439303.1	XP_017752788.1
OG0005583	XP_015440474.1	XP_017756671.1
OG0005584	XP_015438088.1	XP_017758587.1
OG0005585	XP_015428563.1	XP_017764232.1
OG0005586	XP_015431571.1	XP_017759563.1
OG0005587	XP_015434355.1	XP_017755425.1
OG0005588	XP_015429479.1	XP_017762479.1
OG0005589	XP_015431545.1	XP_017759527.1
OG0005590	XP_015437069.1	XP_017754441.1
OG0005591	XP_015431895.1	XP_017759273.1
OG0005593	XP_015436107.1	XP_017755709.1
OG0005594	XP_015437961.1	XP_017762999.1
OG0005595	XP_015436927.1	XP_017767283.1
OG0005596	XP_015437660.1	XP_017755190.1, XP_017755189.1
OG0005597	XP_015428984.1	XP_017760670.1
OG0005598	XP_015436269.1	XP_017756899.1
OG0005599	XP_015429645.1	XP_017760288.1
OG0005600	XP_015433031.1	XP_017759785.1
OG0005601	XP_015436112.1	XP_017758801.1
OG0005602	XP_015430104.1	XP_017762564.1
OG0005603	XP_015428417.1	XP_017763327.1
OG0005604	XP_015430133.1	XP_017753096.1
OG0005605	XP_015438815.1	XP_017761505.1
OG0005606	XP_015430035.1	XP_017762810.1, XP_017762809.1
OG0005607	XP_015439869.1	XP_017761348.1
OG0005608	XP_015431695.1	XP_017755218.1
OG0005609	XP_015435788.1	XP_017760470.1
OG0005610	XP_015435769.1	XP_017760436.1
OG0005611	XP_015431547.1	XP_017759515.1
OG0005612	XP_015436278.1	XP_017764077.1
OG0005613	XP_015435264.1	XP_017755538.1
OG0005614	XP_015433334.1	XP_017757440.1
OG0005615	XP_015439353.1	XP_017763002.1
OG0005616	XP_015434725.1	XP_017752717.1
OG0005617	XP_015432723.1	XP_017761018.1
OG0005618	XP_015434188.1	XP_017767137.1
OG0005619	XP_015434265.1	XP_017752315.1
OG0005620	XP_015429812.1	XP_017757016.1, XP_017757014.1
OG0005621	XP_015432045.1	XP_017761774.1
OG0005622	XP_015438513.1	XP_017767411.1
OG0005623	XP_015429435.1	XP_017762704.1
OG0005624	XP_015432381.1	XP_017766622.1, XP_017766621.1
OG0005625	XP_015437427.1	XP_017767572.1
OG0005626	XP_015435076.1	XP_017754539.1
OG0005627	XP_015437369.1	XP_017760827.1
OG0005628	XP_015430596.1, XP_015430597.1	XP_017758430.1
OG0005629	XP_015440171.1	XP_017755626.1
OG0005630	XP_015433220.1	XP_017752189.1
OG0005631	XP_015432958.1	XP_017759223.1
OG0005632	XP_015435876.1	XP_017767021.1
OG0005633	XP_015434612.1	XP_017753562.1
OG0005634	XP_015436836.1	XP_017762588.1
OG0005635	XP_015434102.1	XP_017760591.1
OG0005636	XP_015430253.1	XP_017764434.1
OG0005637	XP_015437723.1	XP_017754106.1
OG0005638	XP_015439183.1	XP_017765761.1
OG0005639	XP_015433790.1	XP_017756520.1, XP_017756519.1
OG0005640	XP_015428985.1	XP_017754697.1, XP_017754685.1
OG0005641	XP_015439182.1	XP_017759871.1
OG0005642	XP_015437803.1	XP_017764798.1
OG0005643	XP_015438916.1	XP_017760666.1
OG0005644	XP_015439965.1	XP_017757425.1
OG0005645	XP_015435257.1	XP_017763259.1
OG0005646	XP_015436906.1	XP_017765898.1
OG0005647	XP_015438820.1	XP_017760837.1
OG0005649	XP_015434160.1	XP_017759323.1
OG0005650	XP_015428706.1	XP_017759491.1
OG0005651	XP_015440294.1	XP_017763372.1
OG0005652	XP_015438161.1	XP_017753146.1
OG0005653	XP_015434274.1	XP_017756222.1
OG0005654	XP_015437408.1, XP_015437407.1, XP_015437406.1	XP_017760864.1
OG0005655	XP_015429242.1	XP_017763471.1
OG0005656	XP_015431515.1	XP_017752338.1
OG0005657	XP_015434807.1	XP_017762049.1
OG0005658	XP_015435476.1	XP_017754915.1
OG0005659	XP_015433169.1	XP_017758176.1
OG0005660	XP_015440181.1	XP_017758753.1
OG0005661	XP_015438487.1	XP_017764704.1
OG0005662	XP_015433608.1	XP_017766738.1
OG0005663	XP_015431652.1	XP_017763668.1
OG0005664	XP_015433193.1	XP_017752408.1
OG0005665	XP_015436870.1	XP_017753012.1
OG0005666	XP_015432531.1	XP_017758433.1
OG0005667	XP_015433854.1	XP_017757930.1
OG0005668	XP_015440269.1	XP_017757519.1
OG0005669	XP_015435801.1	XP_017767012.1
OG0005671	XP_015430908.1	XP_017764598.1
OG0005672	XP_015440293.1	XP_017758230.1
OG0005673	XP_015436629.1	XP_017754798.1
OG0005674	XP_015429237.1, XP_015429238.1, XP_015429236.1	XP_017760322.1
OG0005675	XP_015434657.1	XP_017758694.1
OG0005676	XP_015439844.1, XP_015439843.1	XP_017757570.1
OG0005677	XP_015435009.1	XP_017761773.1
OG0005678	XP_015439936.1	XP_017753663.1
OG0005679	XP_015431653.1	XP_017763696.1
OG0005680	XP_015431030.1	XP_017763744.1
OG0005681	XP_015428996.1	XP_017765301.1
OG0005682	XP_015428443.1	XP_017763284.1
OG0005683	XP_015429353.1	XP_017765152.1
OG0005684	XP_015429459.1	XP_017761283.1
OG0005685	XP_015432186.1	XP_017756170.1
OG0005686	XP_015428391.1	XP_017766970.1
OG0005687	XP_015436087.1	XP_017753318.1
OG0005688	XP_015439558.1	XP_017761865.1
OG0005689	XP_015429589.1	XP_017755914.1
OG0005690	XP_015428953.1	XP_017767513.1
OG0005691	XP_015437757.1	XP_017754254.1
OG0005692	XP_015431042.1	XP_017757877.1
OG0005693	XP_015434413.1	XP_017757096.1
OG0005694	XP_015438938.1	XP_017763174.1
OG0005695	XP_015436061.1	XP_017765417.1
OG0005696	XP_015435491.1	XP_017754814.1
OG0005697	XP_015436784.1	XP_017760175.1
OG0005698	XP_015438284.1	XP_017753271.1
OG0005699	XP_015438780.1	XP_017763585.1
OG0005700	XP_015437218.1	XP_017752140.1
OG0005701	XP_015434382.1	XP_017760280.1
OG0005702	XP_015433712.1	XP_017755450.1
OG0005703	XP_015438078.1	XP_017753125.1
OG0005704	XP_015440130.1	XP_017758735.1
OG0005705	XP_015433418.1	XP_017756601.1
OG0005706	XP_015429695.1	XP_017762856.1
OG0005707	XP_015436199.1	XP_017759477.1
OG0005708	XP_015436459.1	XP_017759303.1
OG0005709	XP_015435089.1	XP_017755922.1
OG0005710	XP_015437817.1	XP_017766260.1
OG0005711	XP_015428465.1	XP_017753600.1
OG0005712	XP_015438994.1	XP_017762075.1
OG0005713	XP_015437966.1	XP_017752950.1
OG0005714	XP_015433986.1	XP_017756318.1
OG0005715	XP_015431657.1	XP_017755215.1
OG0005716	XP_015432419.1	XP_017765091.1
OG0005717	XP_015430551.1	XP_017763564.1
OG0005718	XP_015429030.1	XP_017754703.1
OG0005719	XP_015438220.1	XP_017753304.1
OG0005720	XP_015432214.1	XP_017752940.1
OG0005721	XP_015431879.1	XP_017756669.1
OG0005722	XP_015432789.1	XP_017762654.1
OG0005724	XP_015436292.1	XP_017755783.1
OG0005725	XP_015439191.1	XP_017761618.1
OG0005726	XP_015433569.1	XP_017766259.1
OG0005727	XP_015429113.1	XP_017754549.1
OG0005728	XP_015438644.1	XP_017752926.1
OG0005729	XP_015431972.1	XP_017764043.1
OG0005730	XP_015438508.1	XP_017758924.1
OG0005731	XP_015432509.1, XP_015438134.1	XP_017766348.1
OG0005732	XP_015437941.1	XP_017758051.1
OG0005733	XP_015436270.1	XP_017764075.1
OG0005734	XP_015430298.1	XP_017764412.1
OG0005735	XP_015435106.1	XP_017752269.1
OG0005736	XP_015431155.1	XP_017762462.1
OG0005737	XP_015430953.1	XP_017764557.1
OG0005738	XP_015430306.1	XP_017754663.1
OG0005739	XP_015439845.1	XP_017757574.1
OG0005740	XP_015431742.1	XP_017763688.1
OG0005741	XP_015429904.1	XP_017754396.1
OG0005742	XP_015431319.1	XP_017756446.1
OG0005743	XP_015432066.1	XP_017764003.1
OG0005744	XP_015431591.1	XP_017756050.1
OG0005745	XP_015435010.1	XP_017762519.1
OG0005746	XP_015440010.1	XP_017755284.1, XP_017755283.1
OG0005747	XP_015439944.1	XP_017757500.1
OG0005748	XP_015433499.1	XP_017754477.1, XP_017754475.1, XP_017754476.1
OG0005749	XP_015430898.1	XP_017762486.1
OG0005750	XP_015440177.1	XP_017760483.1
OG0005751	XP_015432110.1	XP_017766875.1
OG0005752	XP_015432909.1	XP_017761140.1
OG0005753	XP_015438073.1	XP_017755888.1, XP_017759019.1
OG0005754	XP_015430453.1	XP_017764197.1
OG0005755	XP_015438196.1	XP_017753362.1
OG0005756	XP_015439516.1	XP_017758790.1
OG0005757	XP_015429139.1	XP_017754700.1
OG0005758	XP_015429299.1	XP_017753929.1
OG0005759	XP_015432968.1	XP_017754087.1
OG0005760	XP_015439902.1	XP_017755278.1
OG0005761	XP_015433000.1	XP_017754081.1
OG0005762	XP_015433142.1	XP_017752805.1
OG0005763	XP_015429900.1	XP_017754379.1
OG0005764	XP_015436690.1	XP_017753538.1
OG0005765	XP_015436380.1	XP_017755827.1
OG0005766	XP_015437356.1	XP_017762274.1
OG0005767	XP_015434181.1	XP_017759338.1
OG0005768	XP_015434995.1	XP_017755288.1
OG0005769	XP_015435584.1	XP_017767596.1
OG0005770	XP_015437346.1	XP_017760769.1
OG0005772	XP_015437042.1	XP_017766986.1
OG0005773	XP_015438381.1	XP_017758113.1
OG0005774	XP_015435203.1, XP_015435202.1	XP_017762857.1
OG0005775	XP_015428519.1	XP_017766638.1
OG0005776	XP_015429314.1	XP_017757306.1
OG0005777	XP_015428682.1	XP_017759534.1
OG0005778	XP_015439366.1	XP_017752790.1
OG0005779	XP_015429809.1	XP_017759826.1
OG0005780	XP_015434397.1	XP_017755006.1
OG0005781	XP_015440493.1	XP_017761944.1
OG0005782	XP_015435960.1	XP_017754273.1
OG0005783	XP_015435383.1	XP_017754077.1
OG0005784	XP_015436539.1	XP_017758930.1
OG0005785	XP_015434036.1	XP_017759325.1
OG0005786	XP_015431422.1	XP_017766222.1
OG0005787	XP_015436657.1	XP_017759806.1
OG0005788	XP_015435508.1	XP_017761919.1, XP_017761917.1
OG0005789	XP_015430928.1	XP_017764330.1
OG0005790	XP_015433470.1	XP_017760250.1
OG0005791	XP_015431044.1	XP_017757872.1
OG0005792	XP_015439518.1	XP_017758891.1
OG0005793	XP_015438540.1	XP_017757988.1
OG0005794	XP_015432080.1	XP_017763726.1
OG0005795	XP_015439613.1	XP_017759733.1
OG0005796	XP_015432075.1	XP_017759789.1
OG0005797	XP_015431698.1	XP_017761096.1
OG0005798	XP_015438490.1	XP_017758043.1
OG0005799	XP_015437056.1	XP_017760705.1, XP_017760707.1
OG0005800	XP_015436103.1	XP_017755786.1
OG0005801	XP_015433513.1	XP_017763625.1
OG0005802	XP_015437982.1	XP_017761836.1
OG0005803	XP_015428941.1	XP_017767539.1
OG0005804	XP_015436507.1	XP_017765188.1
OG0005805	XP_015430465.1	XP_017764194.1
OG0005806	XP_015433058.1	XP_017761159.1
OG0005807	XP_015428470.1	XP_017763336.1
OG0005808	XP_015435897.1	XP_017767110.1
OG0005809	XP_015438619.1	XP_017766162.1
OG0005810	XP_015432829.1	XP_017766017.1
OG0005811	XP_015438135.1, XP_015429682.1	XP_017758252.1
OG0005812	XP_015431675.1	XP_017754554.1
OG0005813	XP_015440508.1	XP_017761470.1
OG0005814	XP_015435028.1	XP_017756345.1
OG0005815	XP_015436548.1	XP_017759028.1
OG0005816	XP_015437546.1	XP_017764125.1
OG0005817	XP_015430310.1	XP_017754655.1
OG0005818	XP_015433643.1	XP_017758967.1
OG0005819	XP_015428645.1, XP_015428644.1, XP_015428643.1	XP_017766636.1
OG0005820	XP_015432265.1	XP_017766368.1
OG0005821	XP_015429922.1	XP_017762811.1
OG0005822	XP_015431205.1	XP_017763997.1
OG0005823	XP_015430472.1	XP_017764184.1
OG0005825	XP_015440413.1	XP_017756714.1
OG0005826	XP_015432737.1	XP_017762114.1, XP_017762113.1, XP_017762112.1
OG0005828	XP_015430644.1	XP_017756571.1
OG0005829	XP_015439481.1	XP_017756835.1
OG0005829	XP_015437118.1	XP_017757335.1
OG0005830	XP_015435828.1	XP_017767038.1
OG0005831	XP_015438068.1	XP_017753561.1
OG0005832	XP_015435950.1	XP_017763107.1
OG0005833	XP_015435656.1	XP_017757721.1, XP_017757720.1
OG0005834	XP_015432807.1	XP_017753726.1, XP_017753725.1, XP_017753724.1
OG0005835	XP_015431124.1	XP_017757898.1
OG0005845	XP_015431362.1	XP_017756437.1
OG0005846	XP_015436848.1	XP_017753516.1
OG0005847	XP_015436465.1	XP_017767191.1
OG0005848	XP_015432117.1	XP_017759693.1
OG0005849	XP_015431995.1	XP_017766383.1
OG0005850	XP_015431934.1	XP_017766372.1
OG0005851	XP_015438456.1	XP_017758539.1
OG0005852	XP_015438055.1	XP_017763057.1
OG0005853	XP_015440502.1	XP_017760833.1
OG0005854	XP_015438311.1	XP_017756743.1
OG0005855	XP_015439066.1	XP_017763177.1
OG0005856	XP_015431153.1	XP_017755708.1
OG0005857	XP_015438655.1	XP_017753443.1
OG0005858	XP_015432148.1	XP_017756554.1, XP_017756497.1
OG0005859	XP_015431499.1	XP_017762336.1
OG0005860	XP_015430514.1	XP_017764186.1
OG0005861	XP_015436186.1	XP_017758809.1
OG0005863	XP_015433771.1	XP_017759576.1
OG0005864	XP_015439417.1	XP_017753109.1
OG0005865	XP_015431355.1	XP_017766174.1
OG0005866	XP_015428618.1	XP_017766578.1
OG0005867	XP_015438060.1	XP_017763056.1
OG0005868	XP_015437756.1	XP_017754094.1
OG0005869	XP_015438498.1	XP_017761597.1
OG0005870	XP_015434005.1	XP_017755266.1
OG0005871	XP_015433349.1	XP_017755674.1
OG0005872	XP_015430728.1	XP_017755855.1
OG0005873	XP_015439389.1	XP_017754424.1
OG0005874	XP_015432227.1	XP_017761021.1
OG0005875	XP_015432881.1	XP_017759060.1
OG0005876	XP_015430336.1	XP_017754623.1
OG0005877	XP_015437367.1	XP_017764389.1
OG0005878	XP_015436261.1	XP_017755066.1
OG0005879	XP_015438841.1	XP_017761462.1, XP_017761461.1
OG0005880	XP_015432740.1, XP_015432739.1	XP_017762197.1
OG0005881	XP_015430610.1	XP_017762442.1
OG0005882	XP_015438770.1	XP_017754440.1
OG0005883	XP_015440123.1	XP_017767692.1
OG0005884	XP_015435197.1	XP_017758267.1
OG0005885	XP_015437207.1	XP_017758920.1
OG0005886	XP_015430504.1	XP_017761645.1
OG0005887	XP_015431402.1	XP_017766232.1
OG0005888	XP_015429612.1	XP_017753938.1
OG0005889	XP_015433458.1	XP_017760241.1
OG0005890	XP_015431414.1	XP_017766244.1
OG0005891	XP_015436498.1	XP_017762408.1
OG0005892	XP_015430070.1	XP_017763114.1
OG0005893	XP_015429259.1	XP_017752681.1
OG0005894	XP_015436222.1	XP_017761819.1
OG0005895	XP_015436671.1	XP_017756679.1
OG0005896	XP_015428927.1	XP_017752486.1
OG0005897	XP_015436204.1	XP_017755805.1
OG0005898	XP_015428784.1	XP_017759514.1
OG0005899	XP_015436239.1	XP_017755776.1
OG0005900	XP_015429348.1	XP_017764977.1
OG0005901	XP_015436312.1	XP_017759520.1
OG0005902	XP_015434745.1	XP_017759143.1
OG0005903	XP_015432976.1	XP_017761136.1
OG0005904	XP_015429127.1	XP_017760728.1
OG0005905	XP_015428936.1	XP_017767387.1
OG0005906	XP_015431853.1	XP_017761051.1
OG0005907	XP_015439142.1	XP_017761245.1
OG0005908	XP_015436393.1	XP_017758845.1
OG0005909	XP_015431080.1	XP_017764142.1
OG0005910	XP_015435205.1	XP_017758260.1
OG0005911	XP_015430438.1	XP_017764192.1
OG0005912	XP_015431391.1	XP_017756480.1
OG0005913	XP_015439462.1	XP_017765850.1
OG0005914	XP_015428579.1	XP_017766840.1
OG0005915	XP_015434407.1	XP_017763737.1, XP_017763776.1
OG0005916	XP_015429743.1	XP_017764512.1
OG0005917	XP_015435233.1	XP_017763328.1
OG0005918	XP_015438531.1	XP_017767421.1
OG0005919	XP_015430614.1	XP_017759075.1
OG0005920	XP_015439874.1	XP_017758715.1
OG0005922	XP_015431182.1	XP_017757960.1
OG0005923	XP_015440034.1	XP_017755651.1
OG0005924	XP_015432623.1	XP_017755451.1
OG0005925	XP_015433194.1	XP_017753818.1
OG0005926	XP_015430763.1	XP_017760086.1
OG0005927	XP_015433191.1	XP_017753733.1
OG0005928	XP_015430188.1	XP_017758102.1
OG0005929	XP_015430565.1	XP_017765436.1
OG0005930	XP_015429746.1	XP_017763369.1
OG0005931	XP_015429657.1	XP_017763351.1
OG0005932	XP_015435115.1	XP_017752259.1
OG0005933	XP_015434706.1	XP_017764271.1
OG0005934	XP_015430598.1	XP_017758444.1
OG0005935	XP_015440305.1	XP_017760146.1
OG0005936	XP_015437793.1	XP_017764792.1
OG0005937	XP_015437133.1	XP_017761942.1
OG0005938	XP_015435457.1	XP_017764849.1
OG0005939	XP_015432252.1	XP_017761415.1
OG0005940	XP_015438162.1	XP_017755182.1
OG0005941	XP_015440074.1	XP_017753676.1
OG0005942	XP_015433431.1	XP_017756604.1
OG0005943	XP_015430093.1	XP_017762056.1
OG0005944	XP_015433522.1	XP_017761997.1
OG0005945	XP_015435888.1	XP_017762376.1
OG0005946	XP_015430608.1	XP_017753991.1
OG0005947	XP_015428843.1	XP_017762497.1
OG0005948	XP_015433162.1	XP_017767735.1
OG0005949	XP_015439839.1	XP_017763895.1
OG0005951	XP_015431927.1	XP_017759270.1
OG0005952	XP_015430745.1	XP_017757185.1
OG0005953	XP_015434033.1	XP_017759342.1
OG0005954	XP_015434579.1	XP_017761313.1
OG0005955	XP_015432395.1	XP_017759788.1
OG0005956	XP_015439076.1	XP_017752582.1
OG0005957	XP_015434700.1	XP_017758963.1
OG0005958	XP_015429118.1	XP_017758672.1
OG0005959	XP_015436038.1	XP_017755813.1
OG0005960	XP_015433856.1	XP_017759995.1
OG0005961	XP_015434317.1	XP_017759528.1
OG0005962	XP_015436035.1	XP_017757971.1, XP_017757974.1
OG0005963	XP_015439856.1	XP_017755650.1
OG0005964	XP_015434503.1	XP_017763765.1
OG0005965	XP_015430123.1	XP_017757701.1
OG0005966	XP_015439112.1	XP_017759889.1
OG0005967	XP_015439211.1	XP_017767178.1
OG0005968	XP_015434513.1	XP_017765147.1
OG0005969	XP_015434030.1	XP_017759309.1
OG0005970	XP_015436790.1	XP_017760181.1
OG0005971	XP_015438553.1	XP_017758357.1
OG0005972	XP_015432965.1	XP_017766013.1
OG0005973	XP_015431721.1	XP_017760059.1, XP_017760060.1
OG0005974	XP_015431445.1	XP_017756075.1
OG0005975	XP_015433352.1	XP_017757415.1
OG0005976	XP_015429373.1	XP_017757373.1
OG0005977	XP_015432022.1	XP_017766285.1
OG0005978	XP_015431854.1	XP_017761060.1
OG0005979	XP_015436427.1	XP_017765633.1
OG0005980	XP_015436773.1	XP_017766087.1
OG0005981	XP_015430595.1	XP_017758264.1
OG0005982	XP_015433913.1	XP_017765161.1
OG0005983	XP_015429967.1	XP_017755204.1
OG0005984	XP_015439392.1	XP_017762011.1
OG0005985	XP_015431424.1	XP_017766216.1
OG0005986	XP_015430848.1	XP_017757211.1
OG0005987	XP_015438158.1	XP_017761712.1
OG0005988	XP_015437843.1	XP_017765314.1
OG0005989	XP_015430786.1	XP_017760083.1
OG0005990	XP_015432302.1	XP_017754738.1
OG0005991	XP_015434736.1	XP_017764807.1
OG0005992	XP_015432012.1	XP_017756929.1
OG0005993	XP_015429231.1	XP_017763545.1
OG0005994	XP_015440340.1	XP_017767603.1
OG0005995	XP_015428461.1	XP_017763307.1
OG0005996	XP_015437480.1	XP_017764515.1
OG0005997	XP_015428763.1	XP_017755087.1
OG0005998	XP_015430710.1	XP_017765876.1
OG0005999	XP_015431926.1	XP_017759269.1
OG0006000	XP_015439374.1, XP_015439373.1	XP_017762068.1
OG0006001	XP_015435378.1	XP_017754091.1
OG0006002	XP_015429971.1	XP_017763597.1
OG0006003	XP_015437495.1	XP_017756031.1
OG0006004	XP_015433313.1	XP_017757444.1
OG0006005	XP_015434478.1	XP_017763748.1
OG0006006	XP_015436347.1	XP_017755825.1
OG0006007	XP_015430680.1	XP_017757149.1
OG0006008	XP_015438204.1	XP_017753202.1
OG0006009	XP_015430180.1	XP_017765431.1
OG0006010	XP_015439761.1	XP_017760480.1
OG0006011	XP_015434659.1	XP_017762335.1
OG0006012	XP_015433989.1	XP_017756305.1
OG0006013	XP_015432206.1	XP_017761413.1
OG0006014	XP_015436452.1	XP_017758908.1
OG0006015	XP_015440253.1	XP_017758233.1
OG0006016	XP_015439382.1	XP_017762990.1
OG0006017	XP_015438235.1	XP_017753295.1
OG0006018	XP_015429204.1	XP_017752685.1
OG0006019	XP_015432196.1	XP_017756108.1
OG0006020	XP_015431940.1	XP_017761709.1
OG0006021	XP_015433113.1	XP_017762995.1
OG0006022	XP_015434737.1	XP_017759139.1
OG0006023	XP_015433392.1	XP_017757592.1
OG0006024	XP_015439254.1	XP_017759942.1
OG0006025	XP_015438414.1	XP_017758366.1
OG0006026	XP_015434628.1	XP_017753564.1
OG0006027	XP_015432052.1	XP_017761737.1
OG0006028	XP_015436524.1	XP_017758682.1
OG0006029	XP_015430480.1	XP_017764180.1
OG0006030	XP_015432618.1	XP_017766370.1
OG0006031	XP_015431242.1	XP_017764148.1
OG0006032	XP_015439014.1	XP_017756797.1
OG0006033	XP_015434465.1	XP_017757115.1, XP_017757116.1
OG0006034	XP_015429947.1	XP_017759667.1
OG0006035	XP_015433895.1	XP_017765158.1
OG0006036	XP_015437648.1	XP_017753277.1
OG0006037	XP_015432169.1	XP_017762104.1
OG0006038	XP_015432027.1	XP_017758291.1
OG0006039	XP_015430632.1	XP_017757140.1
OG0006040	XP_015432019.1	XP_017766378.1
OG0006041	XP_015435119.1	XP_017763504.1, XP_017763489.1
OG0006042	XP_015439890.1	XP_017755604.1
OG0006043	XP_015435256.1	XP_017763273.1
OG0006044	XP_015430888.1	XP_017764329.1
OG0006045	XP_015436426.1	XP_017765493.1
OG0006046	XP_015435126.1	XP_017752270.1
OG0006047	XP_015435531.1	XP_017754811.1
OG0006048	XP_015436260.1	XP_017764067.1
OG0006049	XP_015429519.1	XP_017761759.1
OG0006050	XP_015429022.1	XP_017758663.1
OG0006051	XP_015438426.1	XP_017758386.1
OG0006052	XP_015438149.1, XP_015438150.1	XP_017765743.1
OG0006053	XP_015429253.1	XP_017762583.1
OG0006054	XP_015434284.1	XP_017766698.1
OG0006055	XP_015436754.1	XP_017761124.1
OG0006056	XP_015436867.1	XP_017753023.1
OG0006057	XP_015432990.1	XP_017753060.1
OG0006058	XP_015432702.1	XP_017761785.1, XP_017759859.1
OG0006059	XP_015438833.1	XP_017761441.1
OG0006060	XP_015429678.1	XP_017762601.1
OG0006061	XP_015432880.1	XP_017759132.1
OG0006062	XP_015430711.1	XP_017765828.1
OG0006063	XP_015436807.1	XP_017757747.1
OG0006064	XP_015435364.1	XP_017753997.1
OG0006065	XP_015429564.1	XP_017761693.1
OG0006066	XP_015429065.1	XP_017765304.1
OG0006067	XP_015429203.1	XP_017763463.1
OG0006068	XP_015432362.1	XP_017764638.1
OG0006069	XP_015435266.1	XP_017754017.1
OG0006070	XP_015436925.1	XP_017756091.1
OG0006071	XP_015429950.1	XP_017757024.1
OG0006072	XP_015434085.1	XP_017759297.1
OG0006073	XP_015433965.1	XP_017756325.1
OG0006074	XP_015437698.1	XP_017757805.1
OG0006075	XP_015436965.1	XP_017752212.1
OG0006076	XP_015440487.1	XP_017763384.1
OG0006077	XP_015435388.1	XP_017764670.1
OG0006078	XP_015429313.1	XP_017757270.1
OG0006079	XP_015430497.1	XP_017764187.1
OG0006080	XP_015438119.1	XP_017753472.1
OG0006081	XP_015430448.1	XP_017757644.1
OG0006082	XP_015432710.1	XP_017759737.1
OG0006083	XP_015430440.1	XP_017761261.1
OG0006084	XP_015439755.1	XP_017767296.1
OG0006085	XP_015439875.1	XP_017758707.1
OG0006086	XP_015434412.1	XP_017754993.1
OG0006087	XP_015436947.1	XP_017760076.1
OG0006088	XP_015430762.1	XP_017757168.1
OG0006089	XP_015429599.1	XP_017761743.1
OG0006090	XP_015437758.1	XP_017764775.1
OG0006091	XP_015430970.1	XP_017754943.1
OG0006092	XP_015433813.1	XP_017757889.1
OG0006093	XP_015431827.1	XP_017755971.1
OG0006094	XP_015432915.1	XP_017754089.1
OG0006095	XP_015433342.1	XP_017757525.1
OG0006096	XP_015439346.1	XP_017764112.1
OG0006097	XP_015435632.1, XP_015435624.1	XP_017757717.1
OG0006098	XP_015429704.1	XP_017761278.1
OG0006099	XP_015433492.1	XP_017754479.1
OG0006100	XP_015438797.1	XP_017761456.1
OG0006102	XP_015431462.1	XP_017762369.1
OG0006103	XP_015428589.1	XP_017752225.1
OG0006104	XP_015432985.1	XP_017754140.1
OG0006105	XP_015432108.1	XP_017766384.1
OG0006106	XP_015428873.1	XP_017767419.1
OG0006107	XP_015429189.1	XP_017762611.1
OG0006108	XP_015430062.1	XP_017765425.1
OG0006109	XP_015437055.1	XP_017766991.1
OG0006110	XP_015429609.1	XP_017753937.1
OG0006111	XP_015432468.1	XP_017765088.1
OG0006112	XP_015436631.1	XP_017759825.1
OG0006113	XP_015434656.1	XP_017760005.1
OG0006114	XP_015429464.1	XP_017755571.1
OG0006115	XP_015434916.1, XP_015434915.1	XP_017762044.1
OG0006116	XP_015436263.1	XP_017755076.1
OG0006117	XP_015434964.1	XP_017762518.1
OG0006118	XP_015439122.1	XP_017752574.1
OG0006119	XP_015439246.1	XP_017763212.1
OG0006120	XP_015439124.1	XP_017762869.1
OG0006121	XP_015430713.1	XP_017760073.1
OG0006122	XP_015438611.1	XP_017765360.1
OG0006123	XP_015429659.1	XP_017757064.1
OG0006124	XP_015439884.1	XP_017755268.1
OG0006125	XP_015437671.1	XP_017755183.1
OG0006126	XP_015430292.1	XP_017754660.1
OG0006127	XP_015438756.1	XP_017760244.1
OG0006128	XP_015438031.1	XP_017766657.1
OG0006129	XP_015437525.1	XP_017756264.1, XP_017756262.1
OG0006130	XP_015430940.1	XP_017764571.1, XP_017764572.1
OG0006131	XP_015439960.1	XP_017760484.1
OG0006132	XP_015433298.1	XP_017755599.1
OG0006133	XP_015437184.1, XP_015437194.1	XP_017752639.1
OG0006134	XP_015435826.1	XP_017755422.1
OG0006135	XP_015436670.1	XP_017762906.1
OG0006136	XP_015435862.1	XP_017757377.1
OG0006137	XP_015429895.1	XP_017753171.1
OG0006138	XP_015431328.1	XP_017757859.1
OG0006139	XP_015436948.1	XP_017767389.1
OG0006140	XP_015430889.1	XP_017754938.1
OG0006141	XP_015431969.1	XP_017763995.1
OG0006142	XP_015437550.1	XP_017764107.1
OG0006143	XP_015438007.1	XP_017753116.1
OG0006144	XP_015432761.1	XP_017760080.1
OG0006145	XP_015434177.1	XP_017759359.1
OG0006146	XP_015439061.1	XP_017759860.1
OG0006147	XP_015438254.1	XP_017764928.1
OG0006149	XP_015429573.1, XP_015429572.1	XP_017752668.1
OG0006150	XP_015436821.1	XP_017758212.1
OG0006151	XP_015437854.1	XP_017757075.1
OG0006152	XP_015434636.1	XP_017760474.1
OG0006153	XP_015436698.1	XP_017755455.1
OG0006154	XP_015437176.1	XP_017766158.1
OG0006155	XP_015436958.1	XP_017765924.1
OG0006156	XP_015431251.1	XP_017756458.1
OG0006157	XP_015430930.1	XP_017762577.1
OG0006158	XP_015428471.1	XP_017753574.1
OG0006159	XP_015429620.1	XP_017755928.1
OG0006160	XP_015437937.1	XP_017765772.1
OG0006161	XP_015432127.1	XP_017757537.1
OG0006162	XP_015429219.1	XP_017760278.1
OG0006163	XP_015431626.1	XP_017765964.1
OG0006164	XP_015434292.1	XP_017752344.1
OG0006165	XP_015433653.1	XP_017767081.1
OG0006166	XP_015436154.1	XP_017759227.1
OG0006167	XP_015432277.1	XP_017764226.1
OG0006168	XP_015434479.1	XP_017757103.1
OG0006169	XP_015430450.1	XP_017758974.1
OG0006170	XP_015435195.1	XP_017757886.1
OG0006171	XP_015431550.1	XP_017757309.1
OG0006172	XP_015431556.1	XP_017767042.1
OG0006173	XP_015433207.1	XP_017752373.1
OG0006174	XP_015437942.1	XP_017758052.1
OG0006175	XP_015431822.1	XP_017765485.1
OG0006176	XP_015436138.1	XP_017756859.1
OG0006177	XP_015435013.1	XP_017756329.1
OG0006178	XP_015438656.1	XP_017752867.1
OG0006179	XP_015435032.1	XP_017762531.1
OG0006180	XP_015428820.1	XP_017765790.1
OG0006181	XP_015435176.1	XP_017766264.1
OG0006182	XP_015431165.1	XP_017762465.1
OG0006183	XP_015439287.1	XP_017754497.1
OG0006184	XP_015430482.1	XP_017761627.1
OG0006186	XP_015437454.1	XP_017761677.1
OG0006187	XP_015435118.1	XP_017760015.1
OG0006188	XP_015439137.1	XP_017760220.1
OG0006189	XP_015435723.1	XP_017766258.1
OG0006191	XP_015431727.1	XP_017758589.1
OG0006192	XP_015430583.1	XP_017761860.1
OG0006193	XP_015428861.1, XP_015430426.1	XP_017764304.1
OG0006194	XP_015437944.1	XP_017752951.1
OG0006195	XP_015429510.1	XP_017755921.1
OG0006196	XP_015439065.1	XP_017763184.1
OG0006197	XP_015440336.1	XP_017767579.1
OG0006198	XP_015434149.1	XP_017767143.1
OG0006199	XP_015428783.1	XP_017755104.1, XP_017755070.1
OG0006200	XP_015440116.1	XP_017766963.1
OG0006201	XP_015434848.1	XP_017752702.1
OG0006202	XP_015432568.1	XP_017766411.1
OG0006203	XP_015438598.1	XP_017766141.1
OG0006204	XP_015432308.1	XP_017764633.1
OG0006205	XP_015434776.1	XP_017755415.1
OG0006206	XP_015435304.1	XP_017765984.1
OG0006207	XP_015439051.1	XP_017757078.1
OG0006208	XP_015434786.1	XP_017753893.1
OG0006209	XP_015433618.1	XP_017752992.1
OG0006210	XP_015431752.1	XP_017763673.1
OG0006211	XP_015439628.1	XP_017763725.1
OG0006212	XP_015440463.1	XP_017766971.1
OG0006213	XP_015434604.1	XP_017756095.1
OG0006214	XP_015431502.1	XP_017756055.1
OG0006215	XP_015433774.1	XP_017757694.1
OG0006216	XP_015429938.1	XP_017764387.1
OG0006217	XP_015437041.1	XP_017760852.1
OG0006218	XP_015438510.1	XP_017764718.1
OG0006219	XP_015439106.1	XP_017761244.1
OG0006220	XP_015440425.1	XP_017758353.1
OG0006221	XP_015429684.1	XP_017762847.1
OG0006222	XP_015432125.1	XP_017762093.1
OG0006223	XP_015429115.1	XP_017765703.1
OG0006224	XP_015439275.1	XP_017759975.1
OG0006225	XP_015436560.1	XP_017765182.1
OG0006226	XP_015436488.1	XP_017759335.1
OG0006227	XP_015432151.1	XP_017753414.1
OG0006228	XP_015438572.1	XP_017759038.1
OG0006229	XP_015435909.1	XP_017755372.1
OG0006230	XP_015435232.1	XP_017757828.1
OG0006231	XP_015432900.1	XP_017766000.1
OG0006232	XP_015435105.1	XP_017763495.1
OG0006233	XP_015434947.1	XP_017756330.1
OG0006234	XP_015437164.1	XP_017760176.1
OG0006235	XP_015436099.1	XP_017755774.1
OG0006236	XP_015438173.1	XP_017753194.1, XP_017753193.1
OG0006237	XP_015440105.1	XP_017765805.1
OG0006238	XP_015440387.1	XP_017766155.1
OG0006239	XP_015430228.1	XP_017760646.1
OG0006240	XP_015434561.1	XP_017766274.1
OG0006241	XP_015438533.1	XP_017756476.1
OG0006242	XP_015430433.1	XP_017764170.1
OG0006243	XP_015437303.1	XP_017762293.1
OG0006244	XP_015439377.1	XP_017752807.1
OG0006245	XP_015434079.1	XP_017767170.1
OG0006246	XP_015437985.1	XP_017758032.1
OG0006247	XP_015429095.1	XP_017765714.1
OG0006248	XP_015434896.1	XP_017753821.1
OG0006249	XP_015439849.1	XP_017757463.1
OG0006250	XP_015432599.1	XP_017755460.1
OG0006251	XP_015437249.1	XP_017758409.1
OG0006252	XP_015434563.1	XP_017762409.1
OG0006253	XP_015439833.1	XP_017757630.1
OG0006254	XP_015434256.1	XP_017752330.1
OG0006255	XP_015439107.1	XP_017760540.1
OG0006256	XP_015428389.1	XP_017754354.1
OG0006257	XP_015432923.1	XP_017753053.1
OG0006258	XP_015436855.1	XP_017752991.1
OG0006259	XP_015433754.1	XP_017759147.1
OG0006260	XP_015433557.1	XP_017760443.1
OG0006261	XP_015438949.1	XP_017767251.1
OG0006262	XP_015434983.1	XP_017756304.1
OG0006263	XP_015429997.1	XP_017759682.1
OG0006264	XP_015429514.1	XP_017752670.1
OG0006265	XP_015434264.1	XP_017752368.1
OG0006266	XP_015429270.1	XP_017752677.1
OG0006267	XP_015430526.1	XP_017763639.1
OG0006268	XP_015432134.1	XP_017762111.1
OG0006269	XP_015437883.1	XP_017753623.1
OG0006270	XP_015433973.1	XP_017756331.1
OG0006271	XP_015440473.1	XP_017761454.1
OG0006272	XP_015431736.1	XP_017758566.1, XP_017758567.1, XP_017758568.1, XP_017758569.1, XP_017758570.1
OG0006273	XP_015430321.1	XP_017752183.1
OG0006274	XP_015431137.1	XP_017757951.1
OG0006275	XP_015436248.1	XP_017756904.1
OG0006276	XP_015431167.1	XP_017755735.1
OG0006277	XP_015439315.1	XP_017762001.1
OG0006278	XP_015434548.1	XP_017763789.1
OG0006279	XP_015435660.1	XP_017759133.1
OG0006280	XP_015433868.1	XP_017756512.1
OG0006281	XP_015429143.1	XP_017754720.1, XP_017754719.1
OG0006282	XP_015433757.1	XP_017759252.1
OG0006283	XP_015430779.1	XP_017765827.1
OG0006284	XP_015429355.1	XP_017764769.1
OG0006285	XP_015432921.1	XP_017754230.1
OG0006286	XP_015437254.1	XP_017753270.1
OG0006287	XP_015439099.1	XP_017759875.1
OG0006288	XP_015437875.1	XP_017754459.1
OG0006289	XP_015432589.1	XP_017760014.1
OG0006290	XP_015437764.1	XP_017754221.1
OG0006292	XP_015432367.1	XP_017764639.1
OG0006293	XP_015432970.1	XP_017759101.1
OG0006294	XP_015436501.1	XP_017752753.1
OG0006295	XP_015436628.1	XP_017754870.1
OG0006296	XP_015435749.1	XP_017753547.1
OG0006297	XP_015438681.1	XP_017752877.1
OG0006298	XP_015437990.1	XP_017752954.1
OG0006299	XP_015438306.1	XP_017756742.1
OG0006300	XP_015428542.1	XP_017765640.1
OG0006301	XP_015437808.1	XP_017761013.1
OG0006302	XP_015430257.1	XP_017764423.1
OG0006303	XP_015431654.1	XP_017763676.1
OG0006304	XP_015430750.1	XP_017757134.1
OG0006305	XP_015432144.1	XP_017762180.1
OG0006306	XP_015428532.1	XP_017765003.1
OG0006307	XP_015437519.1, XP_015437520.1	XP_017764576.1
OG0006308	XP_015439928.1	XP_017757624.1
OG0006309	XP_015430722.1	XP_017765854.1
OG0006310	XP_015438059.1	XP_017753203.1
OG0006311	XP_015439095.1	XP_017767177.1
OG0006312	XP_015436303.1	XP_017758842.1
OG0006313	XP_015435333.1	XP_017763264.1
OG0006314	XP_015431567.1	XP_017767063.1
OG0006315	XP_015431584.1	XP_017767077.1
OG0006316	XP_015428564.1	XP_017764221.1
OG0006317	XP_015438575.1	XP_017764697.1
OG0006318	XP_015432118.1	XP_017759701.1
OG0006319	XP_015437748.1	XP_017753176.1
OG0006320	XP_015431011.1	XP_017753215.1
OG0006321	XP_015439414.1	XP_017753839.1
OG0006322	XP_015429667.1	XP_017762350.1
OG0006323	XP_015437040.1	XP_017760845.1
OG0006324	XP_015432449.1	XP_017765100.1
OG0006325	XP_015430927.1	XP_017764325.1
OG0006326	XP_015430066.1	XP_017758242.1
OG0006327	XP_015437142.1	XP_017755564.1
OG0006328	XP_015438048.1	XP_017763502.1
OG0006329	XP_015434791.1	XP_017753890.1
OG0006330	XP_015439146.1	XP_017761552.1
OG0006331	XP_015434055.1	XP_017767159.1
OG0006332	XP_015440496.1	XP_017760708.1
OG0006333	XP_015431148.1	XP_017757952.1
OG0006334	XP_015432603.1	XP_017754445.1
OG0006335	XP_015430719.1	XP_017756641.1
OG0006336	XP_015432035.1	XP_017756972.1
OG0006337	XP_015434471.1	XP_017764242.1
OG0006338	XP_015437891.1	XP_017752716.1
OG0006339	XP_015429170.1	XP_017757061.1
OG0006340	XP_015432060.1	XP_017757113.1
OG0006341	XP_015436249.1	XP_017756803.1
OG0006343	XP_015428752.1	XP_017755100.1
OG0006344	XP_015437678.1	XP_017767315.1
OG0006345	XP_015432200.1	XP_017766393.1
OG0006346	XP_015433867.1	XP_017760021.1
OG0006347	XP_015429417.1	XP_017762694.1
OG0006348	XP_015432215.1	XP_017756154.1
OG0006349	XP_015433552.1	XP_017754541.1
OG0006350	XP_015429796.1	XP_017765419.1
OG0006351	XP_015434710.1	XP_017759138.1
OG0006352	XP_015432578.1	XP_017766031.1
OG0006353	XP_015438766.1	XP_017754367.1
OG0006355	XP_015430470.1	XP_017754929.1
OG0006356	XP_015436010.1	XP_017754300.1
OG0006357	XP_015429229.1	XP_017760312.1
OG0006358	XP_015428891.1	XP_017767350.1
OG0006359	XP_015437479.1	XP_017752515.1
OG0006360	XP_015429508.1	XP_017754257.1
OG0006361	XP_015438934.1	XP_017761602.1
OG0006362	XP_015440375.1	XP_017752132.1
OG0006363	XP_015438198.1	XP_017759794.1
OG0006364	XP_015433770.1	XP_017765162.1
OG0006365	XP_015430198.1	XP_017758174.1
OG0006366	XP_015435704.1	XP_017757728.1
OG0006367	XP_015428769.1, XP_015428768.1	XP_017755098.1
OG0006368	XP_015434027.1	XP_017759294.1
OG0006369	XP_015431475.1	XP_017756066.1
OG0006370	XP_015434126.1	XP_017760603.1
OG0006371	XP_015431710.1	XP_017763692.1
OG0006372	XP_015434821.1	XP_017760507.1
OG0006373	XP_015428638.1	XP_017766855.1
OG0006374	XP_015429726.1	XP_017758946.1
OG0006375	XP_015429142.1	XP_017760704.1
OG0006376	XP_015439504.1	XP_017758789.1
OG0006377	XP_015438133.1	XP_017764902.1
OG0006378	XP_015434667.1	XP_017756181.1
OG0006379	XP_015428916.1	XP_017767536.1
OG0006380	XP_015428602.1	XP_017766663.1
OG0006381	XP_015429004.1	XP_017752509.1
OG0006382	XP_015434798.1	XP_017754320.1
OG0006383	XP_015438226.1	XP_017753351.1
OG0006384	XP_015440492.1	XP_017763399.1
OG0006385	XP_015436349.1	XP_017755726.1
OG0006386	XP_015432382.1	XP_017759750.1
OG0006387	XP_015429512.1	XP_017760316.1
OG0006388	XP_015435942.1	XP_017755431.1
OG0006389	XP_015438373.1	XP_017757358.1
OG0006390	XP_015435698.1	XP_017767576.1
OG0006391	XP_015431493.1	XP_017757282.1
OG0006392	XP_015429929.1	XP_017754386.1
OG0006393	XP_015429063.1	XP_017765317.1
OG0006394	XP_015429319.1	XP_017753390.1
OG0006395	XP_015435091.1	XP_017763448.1
OG0006396	XP_015437693.1	XP_017755558.1
OG0006397	XP_015432192.1	XP_017764000.1
OG0006398	XP_015429123.1	XP_017762968.1
OG0006399	XP_015434359.1	XP_017755952.1
OG0006400	XP_015435152.1	XP_017763457.1
OG0006401	XP_015429598.1	XP_017755913.1
OG0006402	XP_015433116.1	XP_017760434.1
OG0006403	XP_015430026.1	XP_017759830.1
OG0006404	XP_015435497.1	XP_017763838.1
OG0006405	XP_015432358.1	XP_017766565.1
OG0006406	XP_015434004.1	XP_017756354.1
OG0006407	XP_015437457.1	XP_017752548.1
OG0006408	XP_015435146.1	XP_017763530.1
OG0006409	XP_015436914.1	XP_017767256.1
OG0006410	XP_015436966.1	XP_017752233.1
OG0006411	XP_015440201.1	XP_017763890.1
OG0006413	XP_015433412.1	XP_017752513.1
OG0006414	XP_015438391.1	XP_017758348.1
OG0006415	XP_015431210.1	XP_017757963.1
OG0006416	XP_015432952.1	XP_017766008.1
OG0006417	XP_015437632.1	XP_017767448.1
OG0006418	XP_015434062.1	XP_017767269.1
OG0006419	XP_015429622.1	XP_017765809.1
OG0006420	XP_015437244.1	XP_017760178.1
OG0006421	XP_015431467.1, XP_015431468.1	XP_017762364.1
OG0006422	XP_015436265.1	XP_017758829.1
OG0006423	XP_015435334.1	XP_017765993.1
OG0006425	XP_015436860.1	XP_017753011.1
OG0006426	XP_015434311.1	XP_017766649.1
OG0006427	XP_015432755.1	XP_017760044.1, XP_017760038.1
OG0006428	XP_015437568.1	XP_017763631.1
OG0006429	XP_015431025.1	XP_017759152.1
OG0006430	XP_015433281.1	XP_017755585.1
OG0006431	XP_015434296.1	XP_017762925.1
OG0006432	XP_015431348.1	XP_017766451.1
OG0006433	XP_015440128.1	XP_017757615.1
OG0006434	XP_015436735.1	XP_017755469.1
OG0006435	XP_015436504.1	XP_017756526.1
OG0006437	XP_015433200.1	XP_017752253.1
OG0006438	XP_015439446.1	XP_017752844.1
OG0006439	XP_015430319.1	XP_017764457.1
OG0006440	XP_015439749.1	XP_017767686.1
OG0006441	XP_015432960.1	XP_017754053.1
OG0006442	XP_015432033.1	XP_017761730.1
OG0006443	XP_015439643.1	XP_017765940.1
OG0006444	XP_015436928.1	XP_017761173.1
OG0006445	XP_015435851.1	XP_017755399.1
OG0006446	XP_015430111.1	XP_017764286.1
OG0006447	XP_015432659.1	XP_017759711.1, XP_017761782.1
OG0006448	XP_015431943.1	XP_017756771.1
OG0006449	XP_015429297.1	XP_017752298.1
OG0006450	XP_015433406.1	XP_017753094.1
OG0006451	XP_015433793.1	XP_017759238.1
OG0006452	XP_015433301.1	XP_017757498.1
OG0006453	XP_015435689.1	XP_017760428.1
OG0006454	XP_015428695.1	XP_017760009.1
OG0006455	XP_015435678.1	XP_017765567.1
OG0006456	XP_015433983.1	XP_017755151.1
OG0006457	XP_015433510.1	XP_017761995.1
OG0006458	XP_015437489.1	XP_017756032.1
OG0006459	XP_015434730.1	XP_017765278.1
OG0006460	XP_015434842.1	XP_017753791.1
OG0006462	XP_015433014.1	XP_017754045.1
OG0006463	XP_015434279.1	XP_017759551.1
OG0006464	XP_015439800.1	XP_017758747.1
OG0006465	XP_015432164.1	XP_017761032.1
OG0006466	XP_015437551.1	XP_017764071.1
OG0006467	XP_015438479.1	XP_017760091.1
OG0006468	XP_015430688.1	XP_017765967.1
OG0006469	XP_015436246.1	XP_017758874.1
OG0006470	XP_015434827.1	XP_017752205.1
OG0006471	XP_015433676.1	XP_017767027.1
OG0006472	XP_015428731.1	XP_017759985.1
OG0006473	XP_015437120.1	XP_017766173.1
OG0006474	XP_015433258.1	XP_017762958.1
OG0006475	XP_015435394.1	XP_017763270.1
OG0006476	XP_015434843.1	XP_017756777.1
OG0006477	XP_015435535.1	XP_017754794.1
OG0006478	XP_015437483.1	XP_017764532.1
OG0006480	XP_015439953.1	XP_017752669.1
OG0006481	XP_015439768.1	XP_017755506.1
OG0006482	XP_015429647.1	XP_017763069.1
OG0006483	XP_015429843.1	XP_017752635.1
OG0006484	XP_015433959.1	XP_017762719.1
OG0006485	XP_015435338.1	XP_017754024.1
OG0006486	XP_015429784.1	XP_017755681.1
OG0006487	XP_015438318.1	XP_017762394.1
OG0006488	XP_015433016.1	XP_017759173.1
OG0006489	XP_015432697.1	XP_017762099.1
OG0006490	XP_015435363.1	XP_017759093.1
OG0006491	XP_015429774.1	XP_017765456.1
OG0006492	XP_015429326.1	XP_017757294.1
OG0006493	XP_015435738.1	XP_017766953.1
OG0006494	XP_015429026.1	XP_017754698.1
OG0006495	XP_015433648.1	XP_017765339.1
OG0006496	XP_015430968.1	XP_017754982.1
OG0006497	XP_015434600.1	XP_017760092.1
OG0006498	XP_015430343.1	XP_017764414.1
OG0006499	XP_015429707.1	XP_017762840.1
OG0006500	XP_015429341.1	XP_017757301.1
OG0006501	XP_015436843.1	XP_017753507.1
OG0006502	XP_015434593.1	XP_017766869.1
OG0006503	XP_015432337.1	XP_017766842.1
OG0006505	XP_015432782.1	XP_017762205.1
OG0006506	XP_015434523.1	XP_017763753.1
OG0006507	XP_015433042.1	XP_017754168.1
OG0006508	XP_015437650.1	XP_017767311.1
OG0006509	XP_015430184.1	XP_017754422.1
OG0006510	XP_015438271.1	XP_017761231.1
OG0006511	XP_015436785.1	XP_017766090.1, XP_017766112.1
OG0006512	XP_015432669.1	XP_017754609.1
OG0006513	XP_015432715.1	XP_017754680.1
OG0006514	XP_015438785.1	XP_017761325.1
OG0006515	XP_015439334.1	XP_017752863.1
OG0006516	XP_015430839.1	XP_017765628.1, XP_017765608.1
OG0006517	XP_015432750.1	XP_017762089.1
OG0006518	XP_015433640.1	XP_017765201.1
OG0006519	XP_015435774.1	XP_017755374.1
OG0006520	XP_015437760.1	XP_017760792.1
OG0006521	XP_015429185.1	XP_017753119.1
OG0006522	XP_015434485.1	XP_017755003.1
OG0006523	XP_015436442.1	XP_017765660.1
OG0006524	XP_015430290.1	XP_017765434.1
OG0006525	XP_015435003.1	XP_017755253.1
OG0006526	XP_015435798.1	XP_017757273.1
OG0006527	XP_015431703.1	XP_017754580.1
OG0006528	XP_015431057.1	XP_017761182.1
OG0006529	XP_015429001.1	XP_017754695.1
OG0006530	XP_015434484.1	XP_017763804.1, XP_017763798.1
OG0006531	XP_015437669.1	XP_017767440.1
OG0006532	XP_015428888.1	XP_017767331.1
OG0006533	XP_015437888.1	XP_017763511.1
OG0006534	XP_015435726.1	XP_017754342.1
OG0006535	XP_015439993.1	XP_017753673.1
OG0006536	XP_015433287.1	XP_017767739.1
OG0006537	XP_015433812.1	XP_017760419.1
OG0006538	XP_015431329.1	XP_017766256.1
OG0006539	XP_015435601.1	XP_017752806.1
OG0006540	XP_015429011.1	XP_017758679.1
OG0006541	XP_015432977.1	XP_017762582.1, XP_017762580.1
OG0006542	XP_015429703.1	XP_017764605.1
OG0006543	XP_015433775.1	XP_017752741.1
OG0006544	XP_015440099.1	XP_017764939.1
OG0006545	XP_015433518.1	XP_017752537.1
OG0006546	XP_015431618.1	XP_017765847.1
OG0006547	XP_015436889.1	XP_017767112.1
OG0006548	XP_015436806.1	XP_017754474.1
OG0006549	XP_015440013.1	XP_017767649.1
OG0006550	XP_015438929.1	XP_017752566.1
OG0006551	XP_015437197.1	XP_017759564.1
OG0006552	XP_015439151.1	XP_017759858.1
OG0006553	XP_015435250.1	XP_017754151.1
OG0006554	XP_015428739.1	XP_017759518.1
OG0006557	XP_015433822.1	XP_017760415.1, XP_017761309.1
OG0006558	XP_015431573.1	XP_017759473.1
OG0006559	XP_015434224.1	XP_017762916.1
OG0006560	XP_015431517.1	XP_017759494.1
OG0006561	XP_015430772.1	XP_017760134.1, XP_017760133.1
OG0006562	XP_015436953.1	XP_017767171.1
OG0006563	XP_015438774.1	XP_017761317.1
OG0006565	XP_015440237.1	XP_017757553.1
OG0006566	XP_015429664.1	XP_017762340.1
OG0006568	XP_015431677.1	XP_017754545.1
OG0006570	XP_015439855.1	XP_017758223.1
OG0006571	XP_015433946.1	XP_017765125.1
OG0006572	XP_015431262.1	XP_017756430.1
OG0006573	XP_015438210.1	XP_017762802.1
OG0006574	XP_015438679.1	XP_017766887.1
OG0006575	XP_015434217.1	XP_017766527.1
OG0006576	XP_015438723.1	XP_017764228.1
OG0006577	XP_015435034.1	XP_017756340.1
OG0006578	XP_015439396.1	XP_017762991.1
OG0006579	XP_015436547.1	XP_017759030.1
OG0006580	XP_015431291.1	XP_017757855.1
OG0006581	XP_015437986.1	XP_017761830.1
OG0006582	XP_015429128.1	XP_017765721.1
OG0006583	XP_015435793.1	XP_017752425.1
OG0006584	XP_015434248.1	XP_017753613.1
OG0006585	XP_015440070.1	XP_017752694.1
OG0006586	XP_015437663.1	XP_017767442.1
OG0006587	XP_015440022.1	XP_017767703.1
OG0006588	XP_015434378.1	XP_017766183.1
OG0006589	XP_015431188.1	XP_017764624.1
OG0006590	XP_015430150.1	XP_017765804.1
OG0006591	XP_015429258.1	XP_017753927.1, XP_017753928.1
OG0006592	XP_015430761.1	XP_017757186.1
OG0006593	XP_015437028.1	XP_017760719.1
OG0006594	XP_015440114.1	XP_017755656.1
OG0006595	XP_015429981.1	XP_017759844.1
OG0006597	XP_015439213.1	XP_017753898.1
OG0006598	XP_015431964.1	XP_017761721.1
OG0006599	XP_015439320.1	XP_017752792.1
OG0006600	XP_015438624.1	XP_017752943.1
OG0006601	XP_015438410.1	XP_017758499.1, XP_017758355.1
OG0006602	XP_015432765.1	XP_017761041.1
OG0006603	XP_015436988.1	XP_017767133.1
OG0006604	XP_015434535.1	XP_017757126.1
OG0006605	XP_015430404.1	XP_017764193.1
OG0006606	XP_015440297.1	XP_017764337.1
OG0006607	XP_015429059.1	XP_017765302.1
OG0006608	XP_015435558.1	XP_017754872.1
OG0006609	XP_015439873.1	XP_017765988.1
OG0006610	XP_015434104.1	XP_017767281.1, XP_017765626.1
OG0006611	XP_015439726.1	XP_017758742.1
OG0006612	XP_015437467.1	XP_017756020.1
OG0006614	XP_015430127.1	XP_017765773.1
OG0006615	XP_015437602.1	XP_017760125.1
OG0006616	XP_015433602.1	XP_017766575.1
OG0006617	XP_015435892.1	XP_017767111.1
OG0006618	XP_015437193.1	XP_017766105.1
OG0006619	XP_015436078.1	XP_017758799.1
OG0006620	XP_015438243.1	XP_017764380.1
OG0006621	XP_015430380.1	XP_017754646.1
OG0006622	XP_015433148.1	XP_017753803.1
OG0006623	XP_015436436.1	XP_017755785.1
OG0006625	XP_015428811.1	XP_017755119.1
OG0006626	XP_015435424.1	XP_017764868.1
OG0006627	XP_015434879.1	XP_017753816.1
OG0006628	XP_015428761.1	XP_017765758.1, XP_017765757.1
OG0006629	XP_015430640.1	XP_017756263.1
OG0006630	XP_015431632.1	XP_017756521.1
OG0006631	XP_015436962.1	XP_017767245.1
OG0006632	XP_015433310.1	XP_017757602.1
OG0006633	XP_015436345.1	XP_017764062.1
OG0006634	XP_015428431.1	XP_017761011.1
OG0006635	XP_015435883.1	XP_017759648.1
OG0006636	XP_015436938.1	XP_017760100.1
OG0006637	XP_015438772.1	XP_017762395.1
OG0006638	XP_015438979.1	XP_017761521.1
OG0006639	XP_015436729.1	XP_017752615.1
OG0006640	XP_015436912.1	XP_017760096.1
OG0006641	XP_015433889.1	XP_017760655.1
OG0006642	XP_015430015.1	XP_017759676.1
OG0006643	XP_015439403.1	XP_017753831.1
OG0006644	XP_015431594.1	XP_017755406.1
OG0006645	XP_015431304.1	XP_017756459.1
OG0006646	XP_015430191.1	XP_017759053.1
OG0006647	XP_015433303.1	XP_017767665.1
OG0006648	XP_015433619.1	XP_017766633.1
OG0006649	XP_015430305.1	XP_017764395.1
OG0006650	XP_015430177.1	XP_017762002.1
OG0006651	XP_015439260.1	XP_017761559.1, XP_017761564.1
OG0006652	XP_015429752.1	XP_017764258.1, XP_017765632.1
OG0006653	XP_015432805.1	XP_017753728.1
OG0006654	XP_015433018.1	XP_017759162.1
OG0006655	XP_015438079.1	XP_017758586.1
OG0006656	XP_015428961.1	XP_017767533.1
OG0006657	XP_015433681.1	XP_017765130.1, XP_017765116.1, XP_017765122.1
OG0006658	XP_015437331.1	XP_017753337.1
OG0006659	XP_015431687.1	XP_017758625.1
OG0006660	XP_015435183.1	XP_017758266.1
OG0006661	XP_015438335.1	XP_017759695.1
OG0006662	XP_015431958.1	XP_017764042.1
OG0006663	XP_015434154.1	XP_017760630.1
OG0006664	XP_015435955.1	XP_017754293.1
OG0006665	XP_015439265.1	XP_017761550.1
OG0006666	XP_015436473.1	XP_017759387.1
OG0006667	XP_015435218.1	XP_017764932.1
OG0006668	XP_015437200.1	XP_017767776.1
OG0006669	XP_015431887.1	XP_017754493.1
OG0006670	XP_015435434.1	XP_017754202.1
OG0006671	XP_015435444.1	XP_017764663.1
OG0006672	XP_015431035.1	XP_017765144.1, XP_017765067.1
OG0006673	XP_015437309.1	XP_017760783.1
OG0006674	XP_015433109.1	XP_017765227.1
OG0006675	XP_015431802.1	XP_017765475.1
OG0006676	XP_015435905.1	XP_017766743.1, XP_017767043.1
OG0006677	XP_015431290.1	XP_017757854.1
OG0006678	XP_015436989.1	XP_017753047.1
OG0006679	XP_015434331.1	XP_017753079.1, XP_017753078.1
OG0006680	XP_015433746.1	XP_017759419.1
OG0006681	XP_015428907.1	XP_017767388.1
OG0006682	XP_015436810.1	XP_017753962.1, XP_017753961.1
OG0006683	XP_015429640.1	XP_017753950.1
OG0006684	XP_015437365.1	XP_017760884.1
OG0006685	XP_015432490.1	XP_017753772.1
OG0006686	XP_015434885.1	XP_017753813.1, XP_017753811.1
OG0006687	XP_015428545.1	XP_017766556.1
OG0006688	XP_015430065.1	XP_017758238.1
OG0006689	XP_015436314.1	XP_017764086.1
OG0006690	XP_015431588.1	XP_017762354.1
OG0006692	XP_015430870.1	XP_017754361.1
OG0006693	XP_015440475.1	XP_017761928.1
OG0006694	XP_015440432.1	XP_017761473.1
OG0006695	XP_015436301.1	XP_017755806.1
OG0006696	XP_015430354.1	XP_017752190.1
OG0006697	XP_015429818.1	XP_017764878.1
OG0006698	XP_015431169.1	XP_017759440.1
OG0006699	XP_015430251.1	XP_017764467.1
OG0006700	XP_015433086.1	XP_017760247.1
OG0006702	XP_015428449.1	XP_017754528.1
OG0006703	XP_015429857.1	XP_017752614.1
OG0006704	XP_015435367.1	XP_017754026.1
OG0006705	XP_015434001.1	XP_017762730.1
OG0006706	XP_015428601.1	XP_017766659.1
OG0006707	XP_015436291.1	XP_017764051.1
OG0006708	XP_015429235.1	XP_017760282.1
OG0006709	XP_015439210.1	XP_017767215.1
OG0006710	XP_015435900.1	XP_017767114.1
OG0006711	XP_015440048.1	XP_017757614.1
OG0006713	XP_015431686.1	XP_017763666.1
OG0006714	XP_015430187.1	XP_017758095.1
OG0006715	XP_015436173.1	XP_017755862.1
OG0006716	XP_015436880.1	XP_017767645.1
OG0006717	XP_015432606.1	XP_017762239.1
OG0006718	XP_015438707.1	XP_017753403.1
OG0006719	XP_015436172.1	XP_017764099.1
OG0006720	XP_015432925.1	XP_017761130.1
OG0006721	XP_015432249.1	XP_017756163.1
OG0006722	XP_015434875.1	XP_017755438.1
OG0006723	XP_015432823.1	XP_017754228.1
OG0006724	XP_015430542.1	XP_017761229.1
OG0006725	XP_015433480.1	XP_017754478.1
OG0006726	XP_015428543.1	XP_017766773.1
OG0006727	XP_015437068.1	XP_017762910.1
OG0006728	XP_015429101.1	XP_017765700.1
OG0006729	XP_015434624.1	XP_017756137.1
OG0006730	XP_015436066.1	XP_017755035.1
OG0006731	XP_015438847.1	XP_017761479.1
OG0006732	XP_015428582.1	XP_017766631.1
OG0006733	XP_015432998.1	XP_017754232.1
OG0006734	XP_015435514.1	XP_017761943.1
OG0006735	XP_015435773.1	XP_017755358.1
OG0006736	XP_015432969.1	XP_017754088.1
OG0006737	XP_015435592.1	XP_017755436.1
OG0006738	XP_015431563.1	XP_017762379.1
OG0006739	XP_015431245.1	XP_017759699.1
OG0006740	XP_015433389.1	XP_017755638.1
OG0006741	XP_015433171.1	XP_017752840.1
OG0006742	XP_015440452.1	XP_017763385.1
OG0006743	XP_015434914.1	XP_017752362.1
OG0006744	XP_015435657.1	XP_017761879.1
OG0006745	XP_015433225.1	XP_017765240.1
OG0006746	XP_015435036.1	XP_017756359.1
OG0006747	XP_015434808.1	XP_017764945.1
OG0006748	XP_015439511.1	XP_017758793.1
OG0006749	XP_015432854.1	XP_017754021.1
OG0006750	XP_015428436.1	XP_017760115.1, XP_017760105.1
OG0006751	XP_015432340.1	XP_017764636.1
OG0006752	XP_015432095.1	XP_017758706.1
OG0006753	XP_015438748.1	XP_017755481.1
OG0006754	XP_015439319.1	XP_017753731.1
OG0006755	XP_015431701.1	XP_017754557.1, XP_017754558.1
OG0006757	XP_015429093.1, XP_015429092.1, XP_015429091.1, XP_015429090.1	XP_017754718.1
OG0006759	XP_015435919.1, XP_015435923.1, XP_015435922.1	XP_017752392.1
OG0006760	XP_015435134.1	XP_017752254.1
OG0006761	XP_015436406.1	XP_017765624.1
OG0006761	XP_015436408.1	XP_017765648.1
OG0006762	XP_015431186.1	XP_017757905.1, XP_017757906.1, XP_017757904.1
OG0006763	XP_015429442.1	XP_017759813.1
OG0006764	XP_015440445.1	XP_017760346.1
OG0006765	XP_015437102.1	XP_017757374.1
OG0006766	XP_015430217.1	XP_017759305.1
OG0006767	XP_015428464.1	XP_017758685.1
OG0006768	XP_015434045.1	XP_017767196.1
OG0006769	XP_015435755.1	XP_017757109.1, XP_017757111.1, XP_017757110.1
OG0006770	XP_015436795.1	XP_017761674.1
OG0006771	XP_015430924.1	XP_017762396.1
OG0006772	XP_015434418.1	XP_017763156.1
OG0006773	XP_015428995.1	XP_017754743.1
OG0006774	XP_015434705.1	XP_017765277.1
OG0006775	XP_015436271.1	XP_017758834.1, XP_017758835.1, XP_017758836.1, XP_017758837.1
OG0006776	XP_015434114.1	XP_017767278.1
OG0006778	XP_015438784.1, XP_015438551.1	XP_017763777.1
OG0006779	XP_015431807.1	XP_017753374.1
OG0006780	XP_015430764.1	XP_017757193.1
OG0006781	XP_015433289.1	XP_017767730.1
OG0006782	XP_015440045.1	XP_017753678.1
OG0006783	XP_015435062.1	XP_017762517.1, XP_017765611.1
OG0006784	XP_015435775.1	XP_017755370.1
OG0006785	XP_015439975.1	XP_017762945.1
OG0006786	XP_015436089.1	XP_017756892.1
OG0006786	XP_015436093.1, XP_015436092.1, XP_015436094.1	XP_017756885.1
OG0006787	XP_015436040.1	XP_017755821.1
OG0006791	XP_015434110.1, XP_015434107.1, XP_015434108.1	XP_017759317.1, XP_017759316.1
OG0006792	XP_015434906.1	XP_017753844.1
OG0006793	XP_015439379.1	XP_017758093.1
OG0006796	XP_015438132.1	XP_017756228.1
OG0006798	XP_015432268.1	XP_017752941.1
OG0006799	XP_015438429.1	XP_017761727.1
OG0006800	XP_015434315.1	XP_017752352.1
OG0006801	XP_015436917.1	XP_017766333.1
OG0006802	XP_015432924.1	XP_017761148.1
OG0006803	XP_015434460.1	XP_017763742.1
OG0006804	XP_015429596.1	XP_017752275.1
OG0006805	XP_015432356.1	XP_017766576.1
OG0006806	XP_015436008.1	XP_017763045.1
OG0006807	XP_015438937.1	XP_017763193.1
OG0006808	XP_015437608.1	XP_017760135.1
OG0006809	XP_015435724.1	XP_017755470.1
OG0006810	XP_015435540.1	XP_017754828.1
OG0006811	XP_015428708.1	XP_017759548.1
OG0006812	XP_015437371.1	XP_017760819.1
OG0006813	XP_015436494.1	XP_017759328.1
OG0006814	XP_015431147.1	XP_017757962.1
OG0006815	XP_015428653.1	XP_017766570.1
OG0006816	XP_015436574.1	XP_017764394.1
OG0006817	XP_015433749.1	XP_017752496.1
OG0006818	XP_015438902.1	XP_017755005.1
OG0006819	XP_015434010.1	XP_017756352.1
OG0006820	XP_015430432.1	XP_017761660.1
OG0006821	XP_015431382.1	XP_017758441.1
OG0006822	XP_015433894.1	XP_017756517.1
OG0006823	XP_015438687.1	XP_017753648.1
OG0006824	XP_015439952.1	XP_017755637.1
OG0006825	XP_015439075.1	XP_017759872.1
OG0006826	XP_015430345.1	XP_017764425.1
OG0006827	XP_015437772.1	XP_017754195.1
OG0006828	XP_015433203.1	XP_017752302.1
OG0006829	XP_015430034.1	XP_017763851.1
OG0006830	XP_015430643.1	XP_017755890.1
OG0006831	XP_015436467.1	XP_017767223.1
OG0006832	XP_015429012.1	XP_017758670.1
OG0006833	XP_015439175.1	XP_017759855.1
OG0006834	XP_015431871.1	XP_017762223.1
OG0006835	XP_015430494.1	XP_017764195.1
OG0006836	XP_015437885.1	XP_017765881.1
OG0006837	XP_015439356.1	XP_017765272.1
OG0006838	XP_015434532.1	XP_017757692.1
OG0006839	XP_015436079.1	XP_017756872.1
OG0006840	XP_015433208.1	XP_017752434.1, XP_017752399.1
OG0006841	XP_015437487.1	XP_017760496.1
OG0006842	XP_015437274.1	XP_017755177.1
OG0006844	XP_015428928.1	XP_017767414.1
OG0006845	XP_015433836.1	XP_017765797.1
OG0006846	XP_015428528.1	XP_017765017.1
OG0006847	XP_015438241.1	XP_017762794.1
OG0006848	XP_015434591.1	XP_017766292.1
OG0006849	XP_015432147.1	XP_017756498.1
OG0006850	XP_015430436.1	XP_017753722.1
OG0006851	XP_015432830.1	XP_017765974.1
OG0006852	XP_015439158.1	XP_017759919.1
OG0006853	XP_015439187.1	XP_017759898.1
OG0006854	XP_015430141.1	XP_017766954.1
OG0006855	XP_015431923.1	XP_017759287.1
OG0006856	XP_015430102.1	XP_017762029.1
OG0006857	XP_015430352.1	XP_017754632.1
OG0006858	XP_015438349.1	XP_017764713.1
OG0006859	XP_015434136.1	XP_017760621.1
OG0006860	XP_015439248.1	XP_017763218.1
OG0006861	XP_015439166.1	XP_017756801.1
OG0006862	XP_015429768.1	XP_017760418.1
OG0006863	XP_015432036.1	XP_017761078.1
OG0006864	XP_015438323.1	XP_017763047.1
OG0006865	XP_015440449.1	XP_017762292.1
OG0006866	XP_015439449.1	XP_017763023.1
OG0006867	XP_015437582.1	XP_017753100.1
OG0006868	XP_015432637.1	XP_017766114.1
OG0006869	XP_015438912.1	XP_017763219.1
OG0006870	XP_015433140.1	XP_017752843.1
OG0006871	XP_015433863.1	XP_017760016.1
OG0006872	XP_015430461.1	XP_017765435.1
OG0006873	XP_015433521.1	XP_017752535.1
OG0006874	XP_015437476.1	XP_017756270.1
OG0006875	XP_015437373.1	XP_017762298.1
OG0006876	XP_015435198.1	XP_017763736.1, XP_017763788.1
OG0006877	XP_015437881.1	XP_017754513.1
OG0006878	XP_015437288.1	XP_017760873.1
OG0006879	XP_015432479.1	XP_017764965.1
OG0006880	XP_015435630.1	XP_017764967.1
OG0006881	XP_015436242.1, XP_015436240.1	XP_017755816.1
OG0006882	XP_015439907.1	XP_017755237.1
OG0006883	XP_015440117.1	XP_017755661.1
OG0006884	XP_015431418.1	XP_017756281.1, XP_017754604.1
OG0006885	XP_015440434.1	XP_017761471.1
OG0006886	XP_015437516.1	XP_017756248.1
OG0006887	XP_015429062.1	XP_017754741.1
OG0006888	XP_015430234.1	XP_017759306.1
OG0006890	XP_015431302.1	XP_017766236.1
OG0006891	XP_015431704.1	XP_017754561.1
OG0006892	XP_015436098.1	XP_017753222.1
OG0006893	XP_015437339.1	XP_017760870.1
OG0006894	XP_015429126.1	XP_017756563.1
OG0006895	XP_015430900.1	XP_017762367.1
OG0006896	XP_015433335.1	XP_017755675.1
OG0006897	XP_015437533.1	XP_017752802.1
OG0006898	XP_015434304.1	XP_017756221.1
OG0006899	XP_015435100.1	XP_017763494.1
OG0006900	XP_015438529.1	XP_017758435.1
OG0006901	XP_015439290.1	XP_017755958.1
OG0006902	XP_015440521.1	XP_017761903.1
OG0006903	XP_015434316.1	XP_017763908.1
OG0006904	XP_015436866.1	XP_017752993.1
OG0006905	XP_015435386.1	XP_017766010.1
OG0006906	XP_015440095.1	XP_017763884.1
OG0006907	XP_015429208.1	XP_017761745.1
OG0006908	XP_015439043.1	XP_017759976.1
OG0006909	XP_015439069.1	XP_017759888.1
OG0006910	XP_015431795.1	XP_017763693.1
OG0006911	XP_015436999.1	XP_017757972.1
OG0006912	XP_015436282.1	XP_017758786.1
OG0006913	XP_015436499.1	XP_017752719.1
OG0006914	XP_015429937.1	XP_017753719.1
OG0006915	XP_015433081.1	XP_017761177.1
OG0006916	XP_015436929.1	XP_017767270.1
OG0006917	XP_015435517.1	XP_017758843.1
OG0006918	XP_015440064.1	XP_017767704.1
OG0006919	XP_015430389.1	XP_017764460.1
OG0006920	XP_015429389.1	XP_017759080.1
OG0006921	XP_015429942.1	XP_017754390.1
OG0006922	XP_015439394.1	XP_017762994.1
OG0006923	XP_015428874.1	XP_017757853.1
OG0006924	XP_015430567.1	XP_017758987.1
OG0006925	XP_015431726.1	XP_017761099.1
OG0006926	XP_015429522.1, XP_015429587.1	XP_017755910.1
OG0006927	XP_015437435.1	XP_017757753.1
OG0006928	XP_015436005.1	XP_017763082.1
OG0006929	XP_015433487.1	XP_017761990.1
OG0006930	XP_015439499.1	XP_017755720.1
OG0006931	XP_015440488.1	XP_017763387.1
OG0006932	XP_015432493.1	XP_017765069.1
OG0006933	XP_015428566.1	XP_017765015.1
OG0006934	XP_015432098.1	XP_017752874.1
OG0006935	XP_015429881.1	XP_017754376.1
OG0006936	XP_015439252.1	XP_017759952.1
OG0006937	XP_015432486.1	XP_017753771.1
OG0006938	XP_015430708.1	XP_017760079.1
OG0006940	XP_015436468.1	XP_017759320.1
OG0006941	XP_015430232.1	XP_017761549.1
OG0006942	XP_015438779.1	XP_017761981.1
OG0006943	XP_015431250.1	XP_017756425.1, XP_017756482.1
OG0006944	XP_015435938.1	XP_017757383.1
OG0006945	XP_015429875.1	XP_017755172.1
OG0006946	XP_015436295.1	XP_017764070.1
OG0006947	XP_015432687.1	XP_017754681.1
OG0006948	XP_015439011.1	XP_017763230.1
OG0006949	XP_015438826.1	XP_017761478.1
OG0006950	XP_015437969.1	XP_017758078.1
OG0006951	XP_015432240.1	XP_017756156.1
OG0006952	XP_015435986.1	XP_017754285.1
OG0006953	XP_015439316.1	XP_017752994.1
OG0006954	XP_015435360.1	XP_017765115.1
OG0006955	XP_015438505.1	XP_017759041.1
OG0006956	XP_015440419.1	XP_017756719.1
OG0006957	XP_015430671.1	XP_017763575.1
OG0006958	XP_015437771.1	XP_017760830.1
OG0006959	XP_015430001.1	XP_017752608.1
OG0006960	XP_015429913.1	XP_017762795.1
OG0006961	XP_015433163.1	XP_017753761.1
OG0006962	XP_015430721.1	XP_017756308.1
OG0006964	XP_015437006.1	XP_017762782.1
OG0006965	XP_015437361.1	XP_017760922.1
OG0006966	XP_015433742.1	XP_017765142.1
OG0006967	XP_015430630.1	XP_017757221.1
OG0006969	XP_015428743.1	XP_017759519.1
OG0006970	XP_015428515.1	XP_017756665.1
OG0006971	XP_015433562.1	XP_017758975.1
OG0006972	XP_015429688.1	XP_017764494.1
OG0006973	XP_015429580.1	XP_017763046.1
OG0006974	XP_015436460.1	XP_017759327.1
OG0006975	XP_015436470.1	XP_017759311.1
OG0006976	XP_015438234.1	XP_017753302.1
OG0006977	XP_015439002.1	XP_017760613.1
OG0006978	XP_015429822.1	XP_017753224.1
OG0006979	XP_015437355.1	XP_017753331.1
OG0006980	XP_015432195.1	XP_017758702.1
OG0006981	XP_015440402.1	XP_017765136.1
OG0006982	XP_015438792.1	XP_017760354.1, XP_017760355.1
OG0006983	XP_015434536.1	XP_017757088.1
OG0006984	XP_015436833.1	XP_017762587.1, XP_017762595.1
OG0006985	XP_015436915.1	XP_017766338.1
OG0006986	XP_015429624.1	XP_017757653.1
OG0006987	XP_015430163.1	XP_017761069.1
OG0006988	XP_015440168.1	XP_017755330.1
OG0006989	XP_015434332.1	XP_017752390.1
OG0006990	XP_015431633.1	XP_017755930.1
OG0006991	XP_015435869.1	XP_017767006.1
OG0006992	XP_015435291.1	XP_017754002.1
OG0006993	XP_015437080.1	XP_017753132.1
OG0006994	XP_015433306.1	XP_017755295.1
OG0006995	XP_015434588.1	XP_017759623.1
OG0006996	XP_015434152.1	XP_017759353.1
OG0006997	XP_015432111.1	XP_017752920.1
OG0006998	XP_015437206.1	XP_017766108.1
OG0006999	XP_015437556.1	XP_017763658.1
OG0007000	XP_015429547.1	XP_017760320.1
OG0007001	XP_015437947.1	XP_017752949.1
OG0007002	XP_015437113.1	XP_017753368.1
OG0007003	XP_015439916.1	XP_017753670.1
OG0007004	XP_015437596.1	XP_017760074.1
OG0007005	XP_015435785.1	XP_017767008.1
OG0007006	XP_015439865.1	XP_017753672.1
OG0007007	XP_015438927.1	XP_017753101.1
OG0007008	XP_015432311.1	XP_017764640.1
OG0007009	XP_015430749.1	XP_017756230.1
OG0007010	XP_015436768.1	XP_017761676.1
OG0007011	XP_015433435.1	XP_017758054.1, XP_017758434.1
OG0007012	XP_015433564.1	XP_017767557.1
OG0007013	XP_015431629.1	XP_017765848.1
OG0007014	XP_015434250.1	XP_017756083.1
OG0007015	XP_015435080.1	XP_017752284.1
OG0007016	XP_015439440.1	XP_017765849.1
OG0007017	XP_015434481.1	XP_017755004.1
OG0007018	XP_015429727.1	XP_017762842.1
OG0007019	XP_015437521.1	XP_017752547.1
OG0007020	XP_015434805.1	XP_017752820.1
OG0007021	XP_015435907.1	XP_017766630.1, XP_017766637.1
OG0007022	XP_015432887.1	XP_017753054.1
OG0007023	XP_015440023.1	XP_017760547.1
OG0007024	XP_015435153.1	XP_017755931.1
OG0007025	XP_015428760.1	XP_017765747.1
OG0007026	XP_015428864.1	XP_017767362.1
OG0007027	XP_015437493.1	XP_017752552.1
OG0007028	XP_015433012.1	XP_017766507.1
OG0007029	XP_015437395.1	XP_017760905.1
OG0007030	XP_015430242.1	XP_017761536.1
OG0007031	XP_015433737.1	XP_017760003.1
OG0007032	XP_015437179.1	XP_017766150.1
OG0007033	XP_015429636.1	XP_017763606.1
OG0007034	XP_015433205.1	XP_017764978.1
OG0007035	XP_015437490.1	XP_017760494.1
OG0007036	XP_015438219.1	XP_017753198.1
OG0007038	XP_015430189.1	XP_017758097.1
OG0007039	XP_015438915.1	XP_017753783.1
OG0007040	XP_015428938.1	XP_017767344.1
OG0007041	XP_015429887.1	XP_017764900.1
OG0007042	XP_015436057.1	XP_017764054.1
OG0007043	XP_015438504.1	XP_017758350.1
OG0007044	XP_015440497.1	XP_017761934.1
OG0007045	XP_015432746.1	XP_017763293.1
OG0007046	XP_015430793.1	XP_017760202.1
OG0007047	XP_015438984.1	XP_017763236.1
OG0007048	XP_015434832.1	XP_017758141.1
OG0007049	XP_015432784.1	XP_017766427.1
OG0007050	XP_015432826.1	XP_017765976.1
OG0007051	XP_015430335.1	XP_017754608.1
OG0007052	XP_015431521.1	XP_017755376.1
OG0007053	XP_015439852.1	XP_017764692.1
OG0007054	XP_015433917.1	XP_017759577.1
OG0007055	XP_015429260.1	XP_017761757.1
OG0007056	XP_015434464.1	XP_017752799.1
OG0007057	XP_015434919.1	XP_017762042.1
OG0007058	XP_015433963.1	XP_017760472.1
OG0007059	XP_015432339.1	XP_017764635.1
OG0007060	XP_015428759.1	XP_017755541.1
OG0007061	XP_015434249.1	XP_017752380.1
OG0007062	XP_015432936.1	XP_017759084.1
OG0007063	XP_015433601.1	XP_017766675.1
OG0007064	XP_015436840.1	XP_017753511.1
OG0007065	XP_015432435.1	XP_017753807.1
OG0007066	XP_015434204.1	XP_017759649.1
OG0007067	XP_015430283.1	XP_017754605.1
OG0007069	XP_015432349.1	XP_017766822.1
OG0007070	XP_015436135.1	XP_017758910.1
OG0007071	XP_015431461.1	XP_017762389.1
OG0007072	XP_015438069.1	XP_017753205.1
OG0007074	XP_015434211.1	XP_017754514.1
OG0007075	XP_015435071.1	XP_017759086.1
OG0007076	XP_015431297.1	XP_017757849.1
OG0007077	XP_015432420.1	XP_017765065.1
OG0007078	XP_015433491.1	XP_017754507.1
OG0007079	XP_015431496.1	XP_017756052.1
OG0007080	XP_015434189.1	XP_017767139.1
OG0007081	XP_015436554.1	XP_017756538.1
OG0007082	XP_015431344.1	XP_017756453.1
OG0007083	XP_015432503.1	XP_017758274.1
OG0007084	XP_015430069.1	XP_017762902.1
OG0007085	XP_015437219.1	XP_017752175.1
OG0007086	XP_015430897.1	XP_017764556.1
OG0007087	XP_015436234.1	XP_017758833.1
OG0007088	XP_015437523.1	XP_017752541.1
OG0007089	XP_015430942.1	XP_017764253.1
OG0007090	XP_015431713.1	XP_017754581.1
OG0007091	XP_015434253.1	XP_017752356.1
OG0007092	XP_015432177.1	XP_017752908.1
OG0007093	XP_015439990.1	XP_017761369.1
OG0007094	XP_015439530.1	XP_017756807.1
OG0007095	XP_015438090.1	XP_017761398.1
OG0007096	XP_015429779.1	XP_017760361.1
OG0007097	XP_015433226.1	XP_017752277.1
OG0007098	XP_015433070.1	XP_017754033.1
OG0007099	XP_015433655.1	XP_017758989.1
OG0007100	XP_015429574.1	XP_017756772.1
OG0007101	XP_015439966.1	XP_017757526.1
OG0007102	XP_015431894.1	XP_017761216.1
OG0007103	XP_015433670.1	XP_017764942.1
OG0007104	XP_015428732.1	XP_017759476.1
OG0007105	XP_015439689.1	XP_017755262.1
OG0007106	XP_015436707.1	XP_017752459.1
OG0007107	XP_015432018.1	XP_017756748.1
OG0007108	XP_015434946.1	XP_017756350.1
OG0007109	XP_015428434.1	XP_017763309.1
OG0007110	XP_015430794.1	XP_017758601.1
OG0007111	XP_015429789.1	XP_017760504.1
OG0007112	XP_015434325.1	XP_017755396.1
OG0007113	XP_015435278.1	XP_017764845.1
OG0007114	XP_015431537.1, XP_015431538.1	XP_017762373.1
OG0007115	XP_015430427.1	XP_017755870.1
OG0007116	XP_015435878.1	XP_017766684.1
OG0007117	XP_015433890.1	XP_017759240.1
OG0007118	XP_015440489.1	XP_017761458.1
OG0007119	XP_015440408.1	XP_017757894.1
OG0007120	XP_015434911.1	XP_017761855.1
OG0007121	XP_015432259.1	XP_017764138.1
OG0007122	XP_015430379.1	XP_017754633.1
OG0007123	XP_015433685.1	XP_017764790.1
OG0007124	XP_015438474.1	XP_017767487.1
OG0007125	XP_015433960.1	XP_017762726.1
OG0007126	XP_015428836.1	XP_017759261.1
OG0007127	XP_015429585.1	XP_017763071.1
OG0007128	XP_015435358.1	XP_017763265.1
OG0007129	XP_015437656.1	XP_017767314.1
OG0007130	XP_015430732.1	XP_017756432.1, XP_017756424.1
OG0007131	XP_015438296.1	XP_017755201.1
OG0007132	XP_015434135.1	XP_017759391.1
OG0007133	XP_015438424.1	XP_017765377.1
OG0007134	XP_015435095.1	XP_017765742.1
OG0007135	XP_015431533.1	XP_017755373.1
OG0007136	XP_015431720.1	XP_017767101.1
OG0007137	XP_015434063.1	XP_017760620.1
OG0007138	XP_015432926.1	XP_017766014.1
OG0007139	XP_015428635.1	XP_017766762.1
OG0007140	XP_015437716.1	XP_017754209.1
OG0007141	XP_015432372.1	XP_017766646.1
OG0007142	XP_015438238.1	XP_017762786.1
OG0007143	XP_015434115.1	XP_017759390.1
OG0007144	XP_015434644.1	XP_017759622.1
OG0007145	XP_015437855.1	XP_017757823.1
OG0007146	XP_015433527.1	XP_017754527.1
OG0007147	XP_015434049.1	XP_017767147.1
OG0007148	XP_015428655.1	XP_017760716.1
OG0007149	XP_015431059.1	XP_017765629.1
OG0007150	XP_015431931.1	XP_017766944.1
OG0007151	XP_015432152.1	XP_017761037.1
OG0007152	XP_015437383.1	XP_017760951.1
OG0007153	XP_015432595.1	XP_017760012.1
OG0007154	XP_015428390.1	XP_017755568.1
OG0007155	XP_015430374.1	XP_017764447.1
OG0007156	XP_015430905.1	XP_017754944.1
OG0007157	XP_015432978.1	XP_017754037.1
OG0007158	XP_015438212.1	XP_017762770.1
OG0007159	XP_015433615.1	XP_017766635.1
OG0007160	XP_015439159.1	XP_017763199.1
OG0007161	XP_015433198.1	XP_017752325.1
OG0007162	XP_015439541.1	XP_017763253.1
OG0007163	XP_015436764.1	XP_017758925.1
OG0007164	XP_015434507.1	XP_017762753.1
OG0007165	XP_015430521.1	XP_017758973.1
OG0007166	XP_015429433.1	XP_017762711.1
OG0007168	XP_015435187.1	XP_017755432.1
OG0007169	XP_015429799.1	XP_017755173.1
OG0007170	XP_015429820.1	XP_017764912.1
OG0007171	XP_015435356.1	XP_017764846.1
OG0007172	XP_015434511.1	XP_017757125.1
OG0007173	XP_015435891.1	XP_017755381.1
OG0007174	XP_015440216.1	XP_017752921.1
OG0007175	XP_015439763.1	XP_017765818.1
OG0007176	XP_015439200.1	XP_017759905.1
OG0007178	XP_015430758.1	XP_017757201.1
OG0007179	XP_015438834.1	XP_017761442.1
OG0007180	XP_015431575.1	XP_017759568.1
OG0007181	XP_015434816.1	XP_017753805.1
OG0007182	XP_015431587.1	XP_017767033.1
OG0007183	XP_015435912.1	XP_017755353.1
OG0007184	XP_015429214.1	XP_017762609.1
OG0007186	XP_015431544.1	XP_017757281.1
OG0007187	XP_015434726.1	XP_017757693.1
OG0007188	XP_015440481.1	XP_017760761.1
OG0007189	XP_015438175.1	XP_017761481.1
OG0007190	XP_015436319.1	XP_017762813.1
OG0007192	XP_015430945.1	XP_017764312.1
OG0007193	XP_015430407.1	XP_017764196.1
OG0007194	XP_015432307.1	XP_017764626.1
OG0007195	XP_015429776.1	XP_017760405.1
OG0007196	XP_015428716.1	XP_017755147.1
OG0007197	XP_015439887.1	XP_017757623.1
OG0007198	XP_015432178.1	XP_017762108.1
OG0007201	XP_015437289.1	XP_017760871.1
OG0007202	XP_015433954.1	XP_017755118.1
OG0007203	XP_015434550.1	XP_017763163.1
OG0007205	XP_015432905.1	XP_017752216.1
OG0007206	XP_015436106.1	XP_017755724.1
OG0007207	XP_015435279.1	XP_017764850.1
OG0007208	XP_015435980.1	XP_017752283.1
OG0007209	XP_015428514.1	XP_017766796.1
OG0007210	XP_015431938.1	XP_017759408.1
OG0007211	XP_015431115.1	XP_017761711.1
OG0007212	XP_015433296.1	XP_017757559.1
OG0007213	XP_015434261.1	XP_017755961.1
OG0007214	XP_015439747.1	XP_017758220.1
OG0007216	XP_015433534.1	XP_017754975.1
OG0007217	XP_015435562.1	XP_017754917.1
OG0007218	XP_015440137.1	XP_017757520.1
OG0007219	XP_015434356.1	XP_017755515.1
OG0007220	XP_015432716.1	XP_017763292.1
OG0007221	XP_015431699.1	XP_017758617.1
OG0007222	XP_015428741.1	XP_017755099.1
OG0007223	XP_015434921.1	XP_017760000.1
OG0007225	XP_015431024.1	XP_017759222.1
OG0007226	XP_015439565.1	XP_017767334.1
OG0007227	XP_015431869.1	XP_017762693.1
OG0007228	XP_015433013.1	XP_017759073.1
OG0007229	XP_015434518.1	XP_017765150.1
OG0007230	XP_015430911.1	XP_017764314.1
OG0007231	XP_015429173.1	XP_017754744.1
OG0007232	XP_015438008.1	XP_017762658.1
OG0007233	XP_015432313.1	XP_017762530.1
OG0007234	XP_015437930.1	XP_017763003.1
OG0007235	XP_015434897.1	XP_017753810.1
OG0007236	XP_015434787.1	XP_017757724.1
OG0007237	XP_015433484.1	XP_017752533.1
OG0007238	XP_015439181.1	XP_017759940.1
OG0007239	XP_015438253.1	XP_017753200.1
OG0007240	XP_015429218.1	XP_017760317.1
OG0007241	XP_015434087.1	XP_017760640.1
OG0007242	XP_015430493.1	XP_017763621.1
OG0007243	XP_015436931.1	XP_017766337.1
OG0007244	XP_015435539.1	XP_017758905.1
OG0007245	XP_015432889.1	XP_017753066.1
OG0007246	XP_015438741.1	XP_017760224.1
OG0007247	XP_015436423.1	XP_017765502.1
OG0007248	XP_015439727.1	XP_017767708.1
OG0007249	XP_015435648.1	XP_017753849.1
OG0007250	XP_015438187.1	XP_017753195.1
OG0007251	XP_015436979.1	XP_017766865.1
OG0007252	XP_015433864.1	XP_017765143.1
OG0007253	XP_015438751.1	XP_017761318.1
OG0007254	XP_015431196.1	XP_017766367.1
OG0007255	XP_015436853.1	XP_017753515.1
OG0007256	XP_015432836.1	XP_017765977.1
OG0007257	XP_015429603.1	XP_017763468.1
OG0007259	XP_015430016.1	XP_017759680.1
OG0007260	XP_015439178.1	XP_017763203.1
OG0007262	XP_015435931.1	XP_017766768.1
OG0007263	XP_015429396.1	XP_017756626.1
OG0007264	XP_015439915.1	XP_017758743.1
OG0007265	XP_015435374.1	XP_017754065.1
OG0007266	XP_015432421.1	XP_017765027.1
OG0007267	XP_015437792.1	XP_017764785.1, XP_017764784.1
OG0007268	XP_015431483.1	XP_017752336.1
OG0007269	XP_015432725.1	XP_017754645.1
OG0007270	XP_015429559.1	XP_017763097.1
OG0007271	XP_015437734.1	XP_017760952.1
OG0007272	XP_015439935.1	XP_017761401.1
OG0007273	XP_015433636.1	XP_017755757.1
OG0007274	XP_015432845.1	XP_017759111.1
OG0007275	XP_015437895.1	XP_017752715.1
OG0007277	XP_015434981.1	XP_017762513.1
OG0007278	XP_015435956.1	XP_017754275.1
OG0007279	XP_015428805.1	XP_017760004.1
OG0007280	XP_015436348.1	XP_017764087.1
OG0007281	XP_015429426.1	XP_017762708.1
OG0007282	XP_015436250.1	XP_017758832.1
OG0007283	XP_015428733.1	XP_017755094.1
OG0007284	XP_015439253.1	XP_017765877.1
OG0007285	XP_015436602.1	XP_017759029.1
OG0007286	XP_015439880.1	XP_017755287.1
OG0007287	XP_015433675.1	XP_017755625.1
OG0007288	XP_015440344.1	XP_017767626.1
OG0007289	XP_015438586.1	XP_017756583.1
OG0007290	XP_015433206.1	XP_017752446.1
OG0007291	XP_015434285.1	XP_017752329.1
OG0007293	XP_015439619.1	XP_017759784.1
OG0007294	XP_015434586.1	XP_017758681.1
OG0007295	XP_015429626.1	XP_017752260.1
OG0007296	XP_015438828.1	XP_017766130.1
OG0007297	XP_015429669.1	XP_017754503.1
OG0007298	XP_015440016.1	XP_017758720.1
OG0007299	XP_015439509.1	XP_017764680.1
OG0007300	XP_015438203.1	XP_017761408.1
OG0007301	XP_015431746.1	XP_017754594.1
OG0007303	XP_015439811.1	XP_017765333.1
OG0007304	XP_015434841.1	XP_017753870.1
OG0007305	XP_015437297.1	XP_017762256.1
OG0007306	XP_015436399.1	XP_017765466.1
OG0007307	XP_015437047.1	XP_017760776.1
OG0007308	XP_015434623.1	XP_017756087.1
OG0007309	XP_015434572.1	XP_017762430.1
OG0007310	XP_015430132.1	XP_017755458.1
OG0007311	XP_015430748.1	XP_017765872.1
OG0007312	XP_015429107.1	XP_017754728.1
OG0007313	XP_015437326.1	XP_017760701.1
OG0007314	XP_015430615.1	XP_017762405.1
OG0007315	XP_015439012.1	XP_017762236.1
OG0007316	XP_015430635.1	XP_017760087.1
OG0007317	XP_015431406.1	XP_017756452.1
OG0007318	XP_015433304.1	XP_017767676.1
OG0007319	XP_015428781.1	XP_017759509.1
OG0007320	XP_015435316.1	XP_017758007.1
OG0007321	XP_015436181.1	XP_017756964.1
OG0007322	XP_015435995.1	XP_017754309.1
OG0007323	XP_015435894.1	XP_017753650.1
OG0007324	XP_015430855.1	XP_017757178.1
OG0007325	XP_015437604.1	XP_017760122.1
OG0007326	XP_015436874.1	XP_017760062.1
OG0007327	XP_015438497.1	XP_017758916.1
OG0007330	XP_015433697.1	XP_017765183.1
OG0007331	XP_015429765.1	XP_017758955.1
OG0007332	XP_015440517.1	XP_017760823.1
OG0007333	XP_015435638.1	XP_017752819.1
OG0007334	XP_015428671.1	XP_017759550.1
OG0007335	XP_015429986.1	XP_017762796.1
OG0007336	XP_015431982.1	XP_017756779.1
OG0007337	XP_015429829.1	XP_017762784.1
OG0007338	XP_015432688.1	XP_017761000.1
OG0007339	XP_015439629.1	XP_017763716.1
OG0007340	XP_015435868.1	XP_017766574.1
OG0007342	XP_015432400.1	XP_017766810.1
OG0007343	XP_015437381.1	XP_017762296.1
OG0007344	XP_015438458.1	XP_017764709.1
OG0007345	XP_015431628.1	XP_017766470.1
OG0007346	XP_015440455.1	XP_017761450.1
OG0007347	XP_015434979.1	XP_017758183.1
OG0007348	XP_015430932.1	XP_017764559.1
OG0007349	XP_015429771.1	XP_017760526.1
OG0007350	XP_015436413.1	XP_017753178.1
OG0007351	XP_015433501.1	XP_017761992.1
OG0007352	XP_015429762.1	XP_017765535.1
OG0007353	XP_015439611.1	XP_017759698.1
OG0007354	XP_015439109.1	XP_017756579.1
OG0007355	XP_015432722.1	XP_017759771.1
OG0007356	XP_015436599.1	XP_017764382.1
OG0007357	XP_015436230.1	XP_017756871.1
OG0007358	XP_015430145.1	XP_017759100.1
OG0007359	XP_015430687.1	XP_017765933.1
OG0007360	XP_015437593.1	XP_017760106.1
OG0007361	XP_015431477.1	XP_017759569.1
OG0007362	XP_015433410.1	XP_017763553.1
OG0007363	XP_015432396.1	XP_017766668.1
OG0007364	XP_015437747.1	XP_017760667.1
OG0007365	XP_015431258.1	XP_017756461.1
OG0007366	XP_015438948.1	XP_017767258.1
OG0007367	XP_015437032.1	XP_017760697.1
OG0007368	XP_015439659.1	XP_017755627.1
OG0007369	XP_015434352.1	XP_017754350.1
OG0007370	XP_015439450.1	XP_017763022.1
OG0007371	XP_015437720.1	XP_017754122.1
OG0007372	XP_015430631.1	XP_017757214.1
OG0007373	XP_015431957.1	XP_017764020.1
OG0007374	XP_015437221.1	XP_017763581.1
OG0007375	XP_015437402.1	XP_017760898.1
OG0007376	XP_015436854.1	XP_017753006.1
OG0007377	XP_015440367.1	XP_017766143.1
OG0007378	XP_015438581.1	XP_017764751.1
OG0007379	XP_015432165.1	XP_017756147.1
OG0007380	XP_015439136.1	XP_017759924.1
OG0007381	XP_015429530.1	XP_017763096.1
OG0007382	XP_015433057.1	XP_017766047.1
OG0007383	XP_015432201.1	XP_017762142.1
OG0007384	XP_015432317.1	XP_017764630.1
OG0007385	XP_015439198.1	XP_017757071.1
OG0007386	XP_015431774.1	XP_017758609.1
OG0007387	XP_015439892.1	XP_017759455.1
OG0007388	XP_015435483.1	XP_017754834.1
OG0007390	XP_015436633.1	XP_017754850.1
OG0007391	XP_015430765.1	XP_017760109.1
OG0007393	XP_015430638.1	XP_017760085.1
OG0007394	XP_015432061.1	XP_017757190.1
OG0007395	XP_015439046.1	XP_017761520.1
OG0007396	XP_015431826.1	XP_017763959.1
OG0007397	XP_015436591.1	XP_017764474.1
OG0007398	XP_015438383.1	XP_017757323.1
OG0007399	XP_015439995.1	XP_017755292.1
OG0007400	XP_015432438.1	XP_017765089.1
OG0007401	XP_015439910.1	XP_017757452.1
OG0007402	XP_015430212.1	XP_017759291.1
OG0007403	XP_015440196.1	XP_017767687.1
OG0007404	XP_015439731.1	XP_017766965.1
OG0007405	XP_015438355.1	XP_017765395.1
OG0007406	XP_015431811.1	XP_017763962.1
OG0007407	XP_015435425.1	XP_017765109.1
OG0007408	XP_015437975.1	XP_017753549.1
OG0007409	XP_015430774.1	XP_017758594.1
OG0007410	XP_015432860.1	XP_017766015.1
OG0007411	XP_015437925.1	XP_017758088.1
OG0007412	XP_015435477.1	XP_017754894.1
OG0007413	XP_015428421.1	XP_017753583.1
OG0007414	XP_015440498.1	XP_017761459.1
OG0007415	XP_015436763.1	XP_017758918.1
OG0007416	XP_015430304.1	XP_017754614.1
OG0007417	XP_015436847.1	XP_017762584.1
OG0007418	XP_015432124.1	XP_017755823.1
OG0007419	XP_015437537.1	XP_017760257.1
OG0007420	XP_015435951.1	XP_017763106.1
OG0007421	XP_015431157.1	XP_017757907.1
OG0007422	XP_015429285.1	XP_017756760.1
OG0007423	XP_015439045.1	XP_017761240.1
OG0007424	XP_015439020.1	XP_017760535.1
OG0007425	XP_015432315.1	XP_017764642.1
OG0007426	XP_015431339.1	XP_017758696.1
OG0007428	XP_015432824.1	XP_017766028.1
OG0007429	XP_015430101.1	XP_017755690.1
OG0007430	XP_015435739.1	XP_017753563.1
OG0007431	XP_015438014.1	XP_017760261.1
OG0007432	XP_015437213.1	XP_017766124.1
OG0007433	XP_015428724.1	XP_017767562.1
OG0007434	XP_015430030.1	XP_017763859.1
OG0007435	XP_015434119.1	XP_017759354.1
OG0007436	XP_015435490.1	XP_017754882.1
OG0007437	XP_015437291.1	XP_017760686.1
OG0007438	XP_015431662.1	XP_017761095.1
OG0007439	XP_015429763.1	XP_017767634.1
OG0007440	XP_015435977.1	XP_017755192.1
OG0007441	XP_015436655.1	XP_017764534.1
OG0007442	XP_015430990.1	XP_017764332.1
OG0007443	XP_015433573.1	XP_017762250.1
OG0007444	XP_015430661.1	XP_017757253.1
OG0007445	XP_015433386.1	XP_017767738.1
OG0007446	XP_015436022.1	XP_017757994.1
OG0007447	XP_015432345.1	XP_017766584.1
OG0007448	XP_015434552.1	XP_017762499.1
OG0007449	XP_015430568.1	XP_017755877.1
OG0007450	XP_015436951.1	XP_017753143.1
OG0007451	XP_015429802.1	XP_017764359.1
OG0007452	XP_015429163.1	XP_017756564.1
OG0007453	XP_015436509.1	XP_017765193.1
OG0007454	XP_015433103.1	XP_017758210.1
OG0007455	XP_015438070.1	XP_017756244.1
OG0007456	XP_015436766.1	XP_017766088.1
OG0007457	XP_015434286.1	XP_017766562.1
OG0007458	XP_015435741.1	XP_017753550.1
OG0007459	XP_015434277.1	XP_017755946.1
OG0007460	XP_015437664.1	XP_017758235.1
OG0007461	XP_015432116.1	XP_017756185.1
OG0007462	XP_015433423.1, XP_015433422.1	XP_017756607.1
OG0007463	XP_015432804.1	XP_017762557.1
OG0007464	XP_015429352.1	XP_017757290.1
OG0007465	XP_015432320.1	XP_017766583.1
OG0007466	XP_015430215.1	XP_017760631.1
OG0007467	XP_015429790.1	XP_017760376.1
OG0007468	XP_015436814.1	XP_017764614.1
OG0007469	XP_015433950.1	XP_017757980.1
OG0007470	XP_015429444.1	XP_017759818.1
OG0007471	XP_015432405.1	XP_017766785.1
OG0007472	XP_015430349.1	XP_017754676.1
OG0007474	XP_015428632.1	XP_017765467.1
OG0007475	XP_015438091.1	XP_017758557.1
OG0007477	XP_015437611.1	XP_017753001.1
OG0007478	XP_015435030.1	XP_017762534.1
OG0007479	XP_015431527.1	XP_017759488.1
OG0007480	XP_015438520.1	XP_017761713.1
OG0007481	XP_015430603.1	XP_017753723.1
OG0007482	XP_015432632.1	XP_017763723.1
OG0007483	XP_015435522.1	XP_017753628.1
OG0007484	XP_015437784.1	XP_017754082.1
OG0007485	XP_015432071.1	XP_017763821.1
OG0007486	XP_015440135.1	XP_017758740.1
OG0007487	XP_015433756.1	XP_017759256.1
OG0007488	XP_015429652.1	XP_017753204.1
OG0007489	XP_015438652.1	XP_017752912.1
OG0007490	XP_015431971.1	XP_017754595.1
OG0007491	XP_015437779.1	XP_017754333.1
OG0007492	XP_015429840.1	XP_017759683.1
OG0007493	XP_015431020.1	XP_017757916.1
OG0007494	XP_015440097.1	XP_017755301.1
OG0007495	XP_015433574.1	XP_017755898.1
OG0007496	XP_015433374.1	XP_017757548.1
OG0007497	XP_015438360.1	XP_017758361.1
OG0007498	XP_015435991.1	XP_017754277.1
OG0007499	XP_015429830.1	XP_017757636.1
OG0007500	XP_015435736.1	XP_017753559.1
OG0007501	XP_015438924.1	XP_017763179.1
OG0007502	XP_015436765.1	XP_017766089.1
OG0007503	XP_015433263.1	XP_017757418.1
OG0007504	XP_015438170.1	XP_017753152.1
OG0007505	XP_015436933.1	XP_017766316.1
OG0007506	XP_015439938.1	XP_017760562.1
OG0007507	XP_015439528.1	XP_017762651.1
OG0007508	XP_015434348.1	XP_017754348.1
OG0007509	XP_015438621.1	XP_017761404.1
OG0007510	XP_015438387.1	XP_017762933.1
OG0007511	XP_015429140.1	XP_017754694.1
OG0007512	XP_015438342.1	XP_017767488.1
OG0007513	XP_015438676.1	XP_017753478.1
OG0007514	XP_015438368.1	XP_017757420.1
OG0007515	XP_015439300.1	XP_017763031.1
OG0007516	XP_015433803.1	XP_017759999.1
OG0007517	XP_015434146.1	XP_017767194.1
OG0007518	XP_015433506.1	XP_017754468.1
OG0007519	XP_015428972.1	XP_017757048.1
OG0007523	XP_015437852.1	XP_017753188.1
OG0007524	XP_015437255.1	XP_017763453.1
OG0007525	XP_015430152.1	XP_017757612.1
OG0007526	XP_015430636.1	XP_017764255.1
OG0007527	XP_015430151.1	XP_017762749.1
OG0007528	XP_015436584.1, XP_015436586.1	XP_017756539.1
OG0007529	XP_015437868.1	XP_017762664.1
OG0007530	XP_015438643.1	XP_017753441.1
OG0007531	XP_015440519.1	XP_017754276.1
OG0007532	XP_015429935.1	XP_017754381.1
OG0007533	XP_015433962.1	XP_017756284.1
OG0007534	XP_015431612.1	XP_017765965.1
OG0007535	XP_015435349.1	XP_017754018.1
OG0007536	XP_015438959.1	XP_017762862.1
OG0007537	XP_015437150.1	XP_017766117.1
OG0007538	XP_015434333.1	XP_017752367.1
OG0007539	XP_015438658.1	XP_017766878.1
OG0007540	XP_015438524.1	XP_017765365.1
OG0007541	XP_015429197.1	XP_017763440.1
OG0007542	XP_015429526.1	XP_017763052.1
OG0007543	XP_015433267.1	XP_017757541.1
OG0007544	XP_015437839.1	XP_017753038.1
OG0007545	XP_015435611.1	XP_017761195.1
OG0007546	XP_015431441.1	XP_017758243.1
OG0007547	XP_015432219.1	XP_017764201.1
OG0007548	XP_015433559.1	XP_017760441.1
OG0007549	XP_015433452.1	XP_017760259.1
OG0007550	XP_015436723.1	XP_017761698.1
OG0007551	XP_015431482.1	XP_017766405.1
OG0007552	XP_015440027.1	XP_017757577.1
OG0007553	XP_015437060.1	XP_017764611.1
OG0007554	XP_015438168.1	XP_017753577.1
OG0007555	XP_015433268.1	XP_017757535.1
OG0007556	XP_015431046.1	XP_017757944.1
OG0007557	XP_015439644.1	XP_017757609.1
OG0007558	XP_015440195.1	XP_017761383.1
OG0007559	XP_015438314.1	XP_017755891.1
OG0007560	XP_015428438.1	XP_017761274.1
OG0007561	XP_015438444.1	XP_017758405.1
OG0007562	XP_015431649.1	XP_017758602.1, XP_017758604.1
OG0007563	XP_015438649.1	XP_017752905.1
OG0007564	XP_015438800.1	XP_017761500.1
OG0007565	XP_015438186.1	XP_017764911.1
OG0007566	XP_015436355.1	XP_017761807.1
OG0007567	XP_015436386.1, XP_015436387.1	XP_017755053.1
OG0007569	XP_015438045.1	XP_017763454.1
OG0007570	XP_015440525.1	XP_017767613.1
OG0007571	XP_015436702.1	XP_017763988.1
OG0007572	XP_015437989.1	XP_017762003.1
OG0007573	XP_015433337.1	XP_017767660.1
OG0007574	XP_015430896.1	XP_017764322.1
OG0007576	XP_015439552.1	XP_017758855.1
OG0007577	XP_015435370.1	XP_017764231.1
OG0007578	XP_015436296.1	XP_017753184.1
OG0007579	XP_015432766.1	XP_017762173.1
OG0007580	XP_015431248.1	XP_017757903.1
OG0007582	XP_015431191.1	XP_017759153.1
OG0007583	XP_015438447.1, XP_015438448.1, XP_015438449.1	XP_017758541.1
OG0007584	XP_015438849.1	XP_017761463.1
OG0007585	XP_015436512.1	XP_017764497.1
OG0007586	XP_015437929.1	XP_017762988.1
OG0007587	XP_015437887.1	XP_017763558.1
OG0007588	XP_015434637.1	XP_017759617.1
OG0007589	XP_015439667.1	XP_017757427.1
OG0007590	XP_015433295.1	XP_017757416.1
OG0007591	XP_015436708.1	XP_017767760.1
OG0007593	XP_015436272.1	XP_017758895.1
OG0007595	XP_015430236.1	XP_017760633.1
OG0007596	XP_015429700.1	XP_017761889.1
OG0007597	XP_015434991.1	XP_017755437.1
OG0007598	XP_015429317.1	XP_017757266.1
OG0007604	XP_015432514.1	XP_017765087.1
OG0007606	XP_015438613.1	XP_017753431.1
OG0007607	XP_015433004.1	XP_017766006.1
OG0007608	XP_015432150.1	XP_017766426.1
OG0007610	XP_015432749.1	XP_017762146.1
OG0007611	XP_015431841.1	XP_017755994.1
OG0007612	XP_015429451.1	XP_017759809.1
OG0007613	XP_015433260.1	XP_017762956.1
OG0007615	XP_015428600.1	XP_017766624.1
OG0007616	XP_015430874.1	XP_017764347.1
OG0007617	XP_015433824.1	XP_017761661.1
OG0007618	XP_015431318.1	XP_017757895.1
OG0007619	XP_015432983.1	XP_017756316.1
OG0007620	XP_015437262.1	XP_017756617.1
OG0007622	XP_015432371.1	XP_017759754.1
OG0007623	XP_015428882.1	XP_017767404.1
OG0007624	XP_015439172.1	XP_017757831.1
OG0007625	XP_015440513.1	XP_017760344.1
OG0007626	XP_015429401.1	XP_017756648.1
OG0007627	XP_015434474.1	XP_017757101.1
OG0007628	XP_015439702.1	XP_017763883.1
OG0007629	XP_015439741.1	XP_017753704.1
OG0007630	XP_015439284.1	XP_017754504.1
OG0007631	XP_015435417.1	XP_017764863.1
OG0007632	XP_015428904.1	XP_017767540.1
OG0007633	XP_015434558.1	XP_017755024.1
OG0007634	XP_015430756.1	XP_017757151.1
OG0007635	XP_015437967.1	XP_017761840.1
OG0007636	XP_015433555.1	XP_017754471.1
OG0007637	XP_015431381.1	XP_017754239.1
OG0007638	XP_015429832.1	XP_017763869.1
OG0007639	XP_015439357.1	XP_017752858.1
OG0007640	XP_015431327.1	XP_017756456.1
OG0007641	XP_015432234.1	XP_017762166.1
OG0007643	XP_015432774.1	XP_017762211.1
OG0007644	XP_015439195.1	XP_017759897.1
OG0007645	XP_015431037.1	XP_017759148.1
OG0007646	XP_015429073.1	XP_017756559.1
OG0007647	XP_015436614.1	XP_017765187.1
OG0007648	XP_015437026.1	XP_017760156.1
OG0007649	XP_015439126.1	XP_017765514.1
OG0007650	XP_015436418.1	XP_017755859.1
OG0007651	XP_015438322.1	XP_017763105.1
OG0007652	XP_015428988.1	XP_017762972.1
OG0007653	XP_015431783.1	XP_017759772.1
OG0007654	XP_015433255.1	XP_017765798.1
OG0007655	XP_015436949.1	XP_017760095.1
OG0007656	XP_015437513.1	XP_017756258.1
OG0007657	XP_015435787.1	XP_017767097.1
OG0007658	XP_015434385.1	XP_017765411.1
OG0007659	XP_015438609.1	XP_017759971.1
OG0007660	XP_015431598.1	XP_017765860.1
OG0007661	XP_015433713.1	XP_017757696.1
OG0007662	XP_015431944.1	XP_017757058.1
OG0007663	XP_015428952.1	XP_017767330.1
OG0007664	XP_015436210.1	XP_017755716.1
OG0007665	XP_015433126.1	XP_017752349.1
OG0007666	XP_015436907.1	XP_017765846.1
OG0007667	XP_015431597.1	XP_017766884.1
OG0007668	XP_015439301.1	XP_017765763.1
OG0007669	XP_015437517.1	XP_017764520.1
OG0007670	XP_015435740.1	XP_017757120.1
OG0007671	XP_015439614.1	XP_017759745.1
OG0007672	XP_015430446.1	XP_017764521.1
OG0007673	XP_015431397.1	XP_017766237.1
OG0007674	XP_015429193.1	XP_017760277.1
OG0007675	XP_015433076.1	XP_017754100.1
OG0007676	XP_015433706.1	XP_017765093.1
OG0007677	XP_015437731.1	XP_017762249.1
OG0007678	XP_015431959.1	XP_017763999.1
OG0007679	XP_015432801.1	XP_017753051.1
OG0007680	XP_015436299.1	XP_017755803.1
OG0007682	XP_015435011.1	XP_017762528.1
OG0007683	XP_015435300.1	XP_017763189.1
OG0007685	XP_015436028.1	XP_017756216.1
OG0007686	XP_015429158.1	XP_017765724.1
OG0007687	XP_015436036.1	XP_017755814.1
OG0007689	XP_015429064.1	XP_017753503.1
OG0007690	XP_015436391.1	XP_017761135.1
OG0007692	XP_015436396.1	XP_017764090.1
OG0007694	XP_015439595.1	XP_017765764.1
OG0007695	XP_015428622.1	XP_017766608.1
OG0007697	XP_015428822.1	XP_017755095.1
OG0007698	XP_015439322.1	XP_017765270.1
OG0007699	XP_015429367.1	XP_017759069.1
OG0007702	XP_015439491.1	XP_017759968.1
OG0007704	XP_015433125.1	XP_017752158.1
OG0007705	XP_015437751.1	XP_017764793.1
OG0007706	XP_015433843.1	XP_017760011.1
OG0007707	XP_015432032.1	XP_017764036.1
OG0007708	XP_015431639.1	XP_017766474.1
OG0007709	XP_015440092.1	XP_017761403.1
OG0007710	XP_015432424.1	XP_017753841.1
OG0007711	XP_015436677.1	XP_017759629.1
OG0007714	XP_015437862.1	XP_017753175.1
OG0007715	XP_015429288.1	XP_017763528.1
OG0007716	XP_015433172.1	XP_017765268.1
OG0007717	XP_015439197.1	XP_017767188.1
OG0007718	XP_015435625.1	XP_017752826.1
OG0007719	XP_015439221.1	XP_017763192.1
OG0007720	XP_015430684.1	XP_017763559.1
OG0007721	XP_015434326.1	XP_017753081.1
OG0007722	XP_015433593.1	XP_017753045.1
OG0007723	XP_015431828.1	XP_017753379.1
OG0007725	XP_015439641.1	XP_017758739.1
OG0007726	XP_015431453.1	XP_017767000.1
OG0007728	XP_015438974.1	XP_017759867.1
OG0007729	XP_015439840.1	XP_017764110.1
OG0007730	XP_015439288.1	XP_017754510.1
OG0007731	XP_015438083.1	XP_017758584.1
OG0007732	XP_015431103.1	XP_017755762.1
OG0007733	XP_015428526.1	XP_017755563.1
OG0007734	XP_015429998.1	XP_017754400.1
OG0007735	XP_015430421.1	XP_017763620.1
OG0007736	XP_015436129.1	XP_017761814.1
OG0007737	XP_015436695.1	XP_017763304.1
OG0007738	XP_015437665.1	XP_017767415.1
OG0007739	XP_015440246.1	XP_017757455.1
OG0007740	XP_015436858.1	XP_017753022.1
OG0007741	XP_015430474.1	XP_017755876.1
OG0007742	XP_015438901.1	XP_017755016.1
OG0007743	XP_015437846.1	XP_017757995.1
OG0007744	XP_015435441.1	XP_017761791.1
OG0007745	XP_015428779.1	XP_017759587.1
OG0007746	XP_015439673.1	XP_017757607.1
OG0007747	XP_015431913.1	XP_017766942.1
OG0007748	XP_015432567.1	XP_017753073.1
OG0007750	XP_015429735.1	XP_017765547.1
OG0007751	XP_015435850.1	XP_017757272.1
OG0007752	XP_015438791.1	XP_017760351.1
OG0007753	XP_015432292.1	XP_017766526.1
OG0007754	XP_015429836.1	XP_017759654.1
OG0007755	XP_015430622.1	XP_017767537.1
OG0007757	XP_015430279.1	XP_017764448.1, XP_017764453.1
OG0007758	XP_015428497.1	XP_017762160.1
OG0007759	XP_015438734.1	XP_017761982.1
OG0007760	XP_015432577.1	XP_017763813.1
OG0007761	XP_015428991.1	XP_017754725.1
OG0007762	XP_015432897.1	XP_017756363.1, XP_017756364.1
OG0007763	XP_015429202.1	XP_017763464.1
OG0007764	XP_015433411.1	XP_017756597.1
OG0007768	XP_015439216.1	XP_017753885.1
OG0007769	XP_015434143.1	XP_017760612.1
OG0007770	XP_015436371.1, XP_015436370.1	XP_017758821.1
OG0007771	XP_015428981.1	XP_017754686.1
OG0007773	XP_015432418.1	XP_017766340.1
OG0007774	XP_015431666.1	XP_017761105.1
OG0007775	XP_015440018.1	XP_017761354.1
OG0007776	XP_015437920.1	XP_017760499.1
OG0007777	XP_015429803.1	XP_017752637.1
OG0007778	XP_015429775.1	XP_017760328.1
OG0007779	XP_015435063.1	XP_017755378.1
OG0007780	XP_015433624.1	XP_017766564.1
OG0007783	XP_015438978.1	XP_017759852.1
OG0007784	XP_015431974.1	XP_017758319.1
OG0007785	XP_015431933.1	XP_017761226.1
OG0007786	XP_015429521.1	XP_017763486.1
OG0007787	XP_015437576.1	XP_017763015.1
OG0007788	XP_015430605.1	XP_017758469.1
OG0007789	XP_015430856.1	XP_017758633.1
OG0007791	XP_015434935.1	XP_017760002.1
OG0007792	XP_015434307.1	XP_017758667.1, XP_017761976.1
OG0007793	XP_015430876.1	XP_017764343.1
OG0007794	XP_015431176.1	XP_017755741.1
OG0007795	XP_015430082.1	XP_017755684.1
OG0007796	XP_015434587.1	XP_017758699.1
OG0007797	XP_015429513.1	XP_017752682.1, XP_017752683.1
OG0007798	XP_015433221.1	XP_017765243.1
OG0007799	XP_015439174.1	XP_017759850.1
OG0007800	XP_015436331.1	XP_017760901.1
OG0007801	XP_015437096.1	XP_017762470.1
OG0007802	XP_015429315.1	XP_017757288.1
OG0007803	XP_015432499.1	XP_017765086.1
OG0007804	XP_015431311.1	XP_017766360.1
OG0007805	XP_015440283.1, XP_015440278.1	XP_017753394.1
OG0007806	XP_015435949.1	XP_017754286.1
OG0007808	XP_015429584.1	XP_017752691.1
OG0007810	XP_015437536.1	XP_017753179.1
OG0007812	XP_015430012.1	XP_017752609.1
OG0007813	XP_015430223.1	XP_017761615.1
OG0007814	XP_015434051.1	XP_017760628.1
OG0007815	XP_015428902.1	XP_017764765.1
OG0007816	XP_015432993.1	XP_017754099.1
OG0007817	XP_015433848.1	XP_017758992.1
OG0007818	XP_015438764.1	XP_017763724.1
OG0007819	XP_015437840.1	XP_017758000.1
OG0007820	XP_015428453.1	XP_017752191.1
OG0007821	XP_015439984.1	XP_017761362.1
OG0007822	XP_015429528.1	XP_017763063.1
OG0007823	XP_015437908.1	XP_017765730.1
OG0007824	XP_015437038.1	XP_017753332.1
OG0007826	XP_015436277.1	XP_017764052.1
OG0007827	XP_015433454.1	XP_017760270.1
OG0007828	XP_015439992.1	XP_017755644.1
OG0007829	XP_015432660.1	XP_017759870.1, XP_017761786.1
OG0007830	XP_015429729.1	XP_017762852.1
OG0007831	XP_015437095.1	XP_017763248.1
OG0007832	XP_015429269.1	XP_017753934.1
OG0007833	XP_015430533.1	XP_017761670.1
OG0007834	XP_015438010.1	XP_017764365.1
OG0007835	XP_015430318.1	XP_017764483.1
OG0007836	XP_015436668.1	XP_017752660.1
OG0007837	XP_015432123.1	XP_017758704.1
OG0007838	XP_015437286.1	XP_017760685.1
OG0007839	XP_015437209.1	XP_017766149.1
OG0007840	XP_015439707.1	XP_017761402.1
OG0007841	XP_015432530.1	XP_017755472.1
OG0007842	XP_015438382.1	XP_017758486.1
OG0007843	XP_015432827.1	XP_017766018.1
OG0007844	XP_015433633.1	XP_017757305.1
OG0007845	XP_015436945.1	XP_017760093.1
OG0007846	XP_015432198.1	XP_017756101.1
OG0007847	XP_015438818.1	XP_017760414.1
OG0007849	XP_015433407.1	XP_017766215.1
OG0007850	XP_015431203.1	XP_017757966.1
OG0007851	XP_015439053.1	XP_017761558.1
OG0007852	XP_015435983.1	XP_017754268.1
OG0007853	XP_015434620.1	XP_017764237.1
OG0007855	XP_015435846.1	XP_017761850.1
OG0007856	XP_015432086.1	XP_017766419.1
OG0007857	XP_015431209.1	XP_017757964.1
OG0007858	XP_015435634.1	XP_017764998.1
OG0007859	XP_015434415.1	XP_017765128.1
OG0007860	XP_015438953.1	XP_017767176.1
OG0007861	XP_015429099.1	XP_017765708.1
OG0007862	XP_015434145.1	XP_017767152.1
OG0007863	XP_015437462.1	XP_017756009.1
OG0007864	XP_015436435.1	XP_017758838.1
OG0007865	XP_015430922.1	XP_017764327.1
OG0007866	XP_015428611.1	XP_017766610.1
OG0007867	XP_015436579.1	XP_017759031.1
OG0007868	XP_015437765.1	XP_017760690.1
OG0007869	XP_015429841.1	XP_017753519.1
OG0007870	XP_015438370.1	XP_017757409.1
OG0007871	XP_015430422.1	XP_017764523.1
OG0007872	XP_015435025.1, XP_015435026.1	XP_017762728.1
OG0007874	XP_015440477.1	XP_017761910.1
OG0007875	XP_015440540.1	XP_017761914.1
OG0007876	XP_015430863.1	XP_017756493.1
OG0007877	XP_015429523.1	XP_017753943.1
OG0007878	XP_015429468.1	XP_017761288.1, XP_017761289.1
OG0007879	XP_015428690.1	XP_017759487.1
OG0007880	XP_015440430.1	XP_017760911.1
OG0007882	XP_015435959.1	XP_017754295.1
OG0007883	XP_015433731.1	XP_017765157.1
OG0007884	XP_015434423.1	XP_017762512.1
OG0007885	XP_015438708.1	XP_017766897.1
OG0007886	XP_015436056.1	XP_017764100.1
OG0007887	XP_015433102.1	XP_017764612.1
OG0007889	XP_015432600.1	XP_017766280.1
OG0007890	XP_015429738.1	XP_017762838.1
OG0007891	XP_015429300.1	XP_017765415.1
OG0007892	XP_015439822.1	XP_017761357.1
OG0007893	XP_015428700.1	XP_017755074.1
OG0007894	XP_015437835.1	XP_017753185.1
OG0007895	XP_015436954.1	XP_017756346.1
OG0007896	XP_015439513.1	XP_017758791.1
OG0007897	XP_015435646.1, XP_015435641.1	XP_017752830.1
OG0007898	XP_015439857.1	XP_017757492.1
OG0007899	XP_015431898.1	XP_017752656.1
OG0007900	XP_015435550.1	XP_017754784.1
OG0007901	XP_015438897.1	XP_017756590.1
OG0007902	XP_015433339.1	XP_017767693.1
OG0007903	XP_015440245.1	XP_017767720.1
OG0007904	XP_015439139.1	XP_017761540.1
OG0007905	XP_015430355.1	XP_017754598.1
OG0007906	XP_015435502.1	XP_017766967.1
OG0007907	XP_015433755.1	XP_017759469.1
OG0007908	XP_015437182.1	XP_017752131.1
OG0007910	XP_015429032.1	XP_017765322.1
OG0007911	XP_015428922.1	XP_017764721.1
OG0007912	XP_015433015.1	XP_017759275.1
OG0007913	XP_015433478.1, XP_015433471.1, XP_015433464.1	XP_017758996.1
OG0007914	XP_015435024.1	XP_017758164.1
OG0007915	XP_015433600.1	XP_017766532.1
OG0007916	XP_015435524.1	XP_017761923.1
OG0007917	XP_015439515.1	XP_017758849.1
OG0007918	XP_015438356.1	XP_017764723.1
OG0007919	XP_015433355.1	XP_017757432.1
OG0007920	XP_015438206.1	XP_017753227.1
OG0007921	XP_015429679.1	XP_017763118.1
OG0007922	XP_015429694.1	XP_017762841.1
OG0007923	XP_015429446.1	XP_017761267.1
OG0007925	XP_015439398.1	XP_017752798.1
OG0007926	XP_015436970.1	XP_017752219.1
OG0007927	XP_015434411.1	XP_017755023.1
OG0007928	XP_015440424.1	XP_017758395.1, XP_017758394.1
OG0007930	XP_015433265.1	XP_017757593.1
OG0007931	XP_015428958.1	XP_017767328.1
OG0007932	XP_015438218.1	XP_017753461.1
OG0007933	XP_015428993.1	XP_017754690.1
OG0007934	XP_015434400.1	XP_017766958.1
OG0007936	XP_015436006.1	XP_017763089.1
OG0007937	XP_015440429.1	XP_017754294.1
OG0007938	XP_015437615.1	XP_017757773.1
OG0007939	XP_015433019.1	XP_017759185.1
OG0007941	XP_015435523.1	XP_017761908.1
OG0007942	XP_015435033.1	XP_017756303.1
OG0007951	XP_015436401.1, XP_015436400.1	XP_017765505.1
OG0007958	XP_015432081.1	XP_017763715.1
OG0007959	XP_015433659.1	XP_017765059.1
OG0007960	XP_015429345.1	XP_017757289.1
OG0007961	XP_015430523.1	XP_017764159.1
OG0007962	XP_015429079.1	XP_017754711.1
OG0007963	XP_015430883.1	XP_017764819.1
OG0007964	XP_015438193.1, XP_015430108.1, XP_015436946.1	XP_017765879.1
OG0007966	XP_015438552.1	XP_017758209.1
OG0007967	XP_015438623.1	XP_017766755.1
OG0007968	XP_015430356.1	XP_017764477.1
OG0007970	XP_015431873.1	XP_017753389.1
OG0007971	XP_015436478.1	XP_017767173.1
OG0007972	XP_015434056.1	XP_017767238.1
OG0007973	XP_015438359.1	XP_017758455.1
OG0007974	XP_015438114.1	XP_017759827.1
OG0007975	XP_015438922.1	XP_017761247.1
OG0007976	XP_015428506.1	XP_017766551.1
OG0007977	XP_015439587.1	XP_017767408.1
OG0007981	XP_015428830.1	XP_017754431.1
OG0007982	XP_015438544.1	XP_017760920.1
OG0007983	XP_015434804.1	XP_017762053.1
OG0007984	XP_015438535.1	XP_017760801.1
OG0007985	XP_015440049.1	XP_017758728.1
OG0007986	XP_015432067.1	XP_017766375.1
OG0007987	XP_015437827.1	XP_017765009.1
OG0007988	XP_015438165.1	XP_017761360.1
OG0007989	XP_015432375.1	XP_017766537.1
OG0007990	XP_015434290.1	XP_017755393.1
OG0007991	XP_015430690.1	XP_017756720.1
OG0007992	XP_015436104.1	XP_017755799.1
OG0007993	XP_015433656.1, XP_015433654.1	XP_017757363.1
OG0007994	XP_015436137.1	XP_017756962.1
OG0007995	XP_015430760.1	XP_017758579.1
OG0007996	XP_015434611.1	XP_017753424.1
OG0007997	XP_015431842.1	XP_017755989.1
OG0007998	XP_015439900.1	XP_017755272.1, XP_017755276.1
OG0007999	XP_015438216.1	XP_017762812.1
OG0008000	XP_015431058.1	XP_017755703.1
OG0008001	XP_015437386.1	XP_017762322.1
OG0008002	XP_015437646.1	XP_017767441.1
OG0008003	XP_015438821.1	XP_017760674.1
OG0008004	XP_015431890.1	XP_017761212.1
OG0008005	XP_015430894.1	XP_017764324.1
OG0008006	XP_015428469.1	XP_017762126.1
OG0008008	XP_015438975.1	XP_017759963.1
OG0008009	XP_015440536.1	XP_017763408.1
OG0008011	XP_015433637.1	XP_017755613.1
OG0008012	XP_015434803.1	XP_017762046.1
OG0008013	XP_015430625.1	XP_017763571.1
OG0008014	XP_015437753.1, XP_015437754.1	XP_017764786.1
OG0008015	XP_015434020.1	XP_017756419.1
OG0008016	XP_015440398.1	XP_017760855.1
OG0008017	XP_015429223.1	XP_017762623.1
OG0008018	XP_015430537.1	XP_017761663.1
OG0008019	XP_015439903.1	XP_017755282.1
OG0008020	XP_015434054.1	XP_017767186.1
OG0008021	XP_015440082.1	XP_017760583.1
OG0008024	XP_015434819.1	XP_017764694.1
OG0008025	XP_015432423.1	XP_017764981.1
OG0008026	XP_015440428.1	XP_017761945.1
OG0008028	XP_015435953.1	XP_017763044.1
OG0008030	XP_015434956.1	XP_017756295.1
OG0008031	XP_015430370.1	XP_017764443.1
OG0008032	XP_015433524.1	XP_017752529.1
OG0008035	XP_015434369.1	XP_017755529.1
OG0008036	XP_015435904.1	XP_017757316.1
OG0008038	XP_015434389.1	XP_017763739.1
OG0008039	XP_015429301.1	XP_017753932.1
OG0008040	XP_015432083.1	XP_017763694.1
OG0008041	XP_015431823.1	XP_017763961.1
OG0008042	XP_015435458.1	XP_017764551.1
OG0008043	XP_015430546.1	XP_017755866.1
OG0008044	XP_015430362.1	XP_017754656.1
OG0008045	XP_015430475.1	XP_017755874.1
OG0008047	XP_015435865.1	XP_017752405.1
OG0008049	XP_015434664.1	XP_017766889.1
OG0008053	XP_015431503.1	XP_017762349.1
OG0008055	XP_015440342.1	XP_017767644.1
OG0008056	XP_015429999.1	XP_017759674.1
OG0008057	XP_015433107.1	XP_017765075.1
OG0008058	XP_015432831.1	XP_017765972.1
OG0008059	XP_015430116.1	XP_017765887.1
OG0008060	XP_015438146.1, XP_015429917.1	XP_017753457.1
OG0008061	XP_015439056.1	XP_017752569.1
OG0008062	XP_015432293.1	XP_017766525.1
OG0008064	XP_015439089.1	XP_017761567.1
OG0008065	XP_015433998.1	XP_017764243.1
OG0008067	XP_015438492.1	XP_017752785.1
OG0008068	XP_015434903.1	XP_017753817.1
OG0008069	XP_015435196.1	XP_017762850.1
OG0008070	XP_015432673.1	XP_017760056.1
OG0008071	XP_015440205.1	XP_017755332.1
OG0008072	XP_015432651.1	XP_017762140.1
OG0008073	XP_015436256.1	XP_017764088.1
OG0008074	XP_015439269.1	XP_017759964.1
OG0008076	XP_015433135.1	XP_017767746.1
OG0008077	XP_015435972.1	XP_017752290.1
OG0008078	XP_015431812.1	XP_017755970.1
OG0008079	XP_015432440.1	XP_017766365.1
OG0008080	XP_015434891.1	XP_017761851.1
OG0008081	XP_015438715.1	XP_017756705.1
OG0008082	XP_015439738.1	XP_017755589.1
OG0008084	XP_015432010.1	XP_017756834.1
OG0008085	XP_015435560.1	XP_017754813.1
OG0008086	XP_015433508.1	XP_017752536.1
OG0008088	XP_015432828.1	XP_017765975.1
OG0008089	XP_015428420.1	XP_017753569.1
OG0008090	XP_015433123.1	XP_017752171.1
OG0008092	XP_015430173.1	XP_017758039.1
OG0008093	XP_015428416.1	XP_017763306.1
OG0008094	XP_015433001.1	XP_017760248.1
OG0008095	XP_015428692.1	XP_017762897.1
OG0008096	XP_015432956.1	XP_017763276.1
OG0008099	XP_015432113.1	XP_017757514.1
OG0008101	XP_015430796.1	XP_017767146.1
OG0008102	XP_015428474.1	XP_017762147.1
OG0008103	XP_015434132.1	XP_017754319.1
OG0008105	XP_015438746.1	XP_017753536.1
OG0008106	XP_015430646.1	XP_017756274.1
OG0008107	XP_015433525.1	XP_017763659.1
OG0008109	XP_015432416.1	XP_017765070.1
OG0008110	XP_015435566.1	XP_017761935.1
OG0008111	XP_015437392.1	XP_017762277.1
OG0008113	XP_015430695.1	XP_017753714.1
OG0008114	XP_015434153.1	XP_017767199.1
OG0008115	XP_015433722.1	XP_017759983.1
OG0008116	XP_015434606.1	XP_017756193.1
OG0008118	XP_015428919.1	XP_017764770.1
OG0008119	XP_015439378.1	XP_017759977.1
OG0008120	XP_015433936.1	XP_017765169.1
OG0008121	XP_015433300.1	XP_017759018.1
OG0008122	XP_015438343.1	XP_017762209.1
OG0008123	XP_015430667.1	XP_017757196.1, XP_017757195.1
OG0008124	XP_015428494.1	XP_017756677.1
OG0008125	XP_015435108.1	XP_017752264.1
OG0008126	XP_015438802.1	XP_017761475.1
OG0008127	XP_015431924.1	XP_017759288.1
OG0008128	XP_015438539.1	XP_017758518.1
OG0008129	XP_015431836.1	XP_017755987.1
OG0008130	XP_015428549.1	XP_017767616.1
OG0008132	XP_015438155.1, XP_015436606.1	XP_017763928.1
OG0008134	XP_015430545.1	XP_017758999.1
OG0008135	XP_015431016.1	XP_017754861.1
OG0008136	XP_015434293.1	XP_017752388.1
OG0008137	XP_015434939.1	XP_017758147.1
OG0008138	XP_015440295.1	XP_017752483.1
OG0008140	XP_015437577.1	XP_017763228.1
OG0008142	XP_015434238.1	XP_017766184.1
OG0008143	XP_015437706.1	XP_017762254.1
OG0008144	XP_015432241.1	XP_017756159.1
OG0008145	XP_015435845.1	XP_017752326.1
OG0008146	XP_015432634.1	XP_017766440.1
OG0008147	XP_015429553.1	XP_017763077.1
OG0008148	XP_015434679.1	XP_017759653.1, XP_017761779.1
OG0008149	XP_015433717.1	XP_017759103.1
OG0008150	XP_015439184.1	XP_017767193.1
OG0008151	XP_015430160.1	XP_017756231.1
OG0008153	XP_015437202.1	XP_017766107.1
OG0008154	XP_015436264.1	XP_017761385.1
OG0008155	XP_015437205.1	XP_017758928.1
OG0008156	XP_015430148.1	XP_017753715.1
OG0008157	XP_015435908.1	XP_017767115.1
OG0008158	XP_015429276.1, XP_015429275.1	XP_017752969.1
OG0008160	XP_015436358.1	XP_017755743.1
OG0008161	XP_015438583.1	XP_017761825.1
OG0008162	XP_015438365.1	XP_017757565.1, XP_017758363.1
OG0008163	XP_015429388.1	XP_017756624.1
OG0008163	XP_015429393.1	XP_017756621.1
OG0008164	XP_015437710.1	XP_017762266.1
OG0008165	XP_015429378.1	XP_017759070.1
OG0008166	XP_015431609.1	XP_017755980.1
OG0008166	XP_015431602.1	XP_017756122.1
OG0008167	XP_015435663.1, XP_015435662.1	XP_017767295.1
OG0008169	XP_015438683.1	XP_017766871.1
OG0008170	XP_015431805.1	XP_017753376.1, XP_017753375.1
OG0008172	XP_015439678.1	XP_017767658.1
OG0008173	XP_015430170.1	XP_017763574.1
OG0008174	XP_015438816.1	XP_017756588.1
OG0008175	XP_015434521.1	XP_017757114.1
OG0008176	XP_015437461.1	XP_017756000.1
OG0008177	XP_015437018.1	XP_017760668.1, XP_017760863.1
OG0008178	XP_015434788.1	XP_017753846.1
OG0008179	XP_015434707.1	XP_017762475.1
OG0008181	XP_015430249.1	XP_017764397.1
OG0008182	XP_015434968.1	XP_017755163.1
OG0008183	XP_015430792.1	XP_017765824.1
OG0008184	XP_015435221.1	XP_017757821.1
OG0008185	XP_015428701.1	XP_017755097.1
OG0008186	XP_015435229.1	XP_017757826.1
OG0008187	XP_015428933.1	XP_017764710.1
OG0008188	XP_015429660.1	XP_017757065.1, XP_017757066.1
OG0008198	XP_015436039.1	XP_017755831.1
OG0008199	XP_015432980.1	XP_017754134.1
OG0008200	XP_015437023.1	XP_017760858.1
OG0008202	XP_015433190.1	XP_017765241.1
OG0008203	XP_015436842.1	XP_017753517.1
OG0008204	XP_015436307.1	XP_017764080.1
OG0008206	XP_015431307.1	XP_017756444.1
OG0008207	XP_015430660.1	XP_017757218.1
OG0008208	XP_015433184.1	XP_017764980.1
OG0008209	XP_015430866.1	XP_017757249.1
OG0008210	XP_015429085.1	XP_017754753.1
OG0008211	XP_015429504.1	XP_017756749.1
OG0008212	XP_015437640.1	XP_017767394.1
OG0008213	XP_015432097.1	XP_017759739.1
OG0008214	XP_015437196.1	XP_017752123.1
OG0008215	XP_015431554.1	XP_017759547.1
OG0008217	XP_015436223.1	XP_017761820.1
OG0008219	XP_015430192.1	XP_017754423.1
OG0008220	XP_015431753.1	XP_017758596.1
OG0008221	XP_015431732.1	XP_017758598.1
OG0008222	XP_015429141.1	XP_017754684.1
OG0008223	XP_015436820.1	XP_017758211.1
OG0008224	XP_015437183.1	XP_017752167.1
OG0008225	XP_015434138.1	XP_017759298.1
OG0008226	XP_015429418.1	XP_017762705.1
OG0008228	XP_015439490.1	XP_017762650.1
OG0008229	XP_015437680.1	XP_017766501.1
OG0008231	XP_015434910.1	XP_017760509.1
OG0008232	XP_015429080.1	XP_017754712.1
OG0008233	XP_015433632.1	XP_017757368.1
OG0008234	XP_015433011.1	XP_017759251.1
OG0008235	XP_015435038.1	XP_017756418.1
OG0008236	XP_015431963.1	XP_017761732.1
OG0008239	XP_015430106.1	XP_017755687.1
OG0008240	XP_015431476.1	XP_017756068.1
OG0008243	XP_015437278.1	XP_017762252.1
OG0008247	XP_015433160.1	XP_017764956.1
OG0008248	XP_015433896.1	XP_017765127.1
OG0008251	XP_015429697.1	XP_017761898.1
OG0008252	XP_015435895.1	XP_017766660.1
OG0008253	XP_015434822.1	XP_017760502.1
OG0008254	XP_015437538.1	XP_017763363.1
OG0008255	XP_015435258.1	XP_017758006.1
OG0008256	XP_015429041.1	XP_017762909.1
OG0008257	XP_015431463.1	XP_017767084.1, XP_017767086.1
OG0008258	XP_015438981.1	XP_017761538.1
OG0008259	XP_015433108.1	XP_017765242.1
OG0008260	XP_015436961.1	XP_017767303.1
OG0008261	XP_015429838.1	XP_017759656.1
OG0008262	XP_015436800.1	XP_017762756.1
OG0008265	XP_015428855.1	XP_017767427.1
OG0008266	XP_015436680.1	XP_017763409.1
OG0008267	XP_015439161.1	XP_017759957.1
OG0008268	XP_015437237.1	XP_017753174.1
OG0008269	XP_015428844.1	XP_017759264.1
OG0008270	XP_015438625.1	XP_017752868.1
OG0008271	XP_015440444.1	XP_017760342.1
OG0008274	XP_015433736.1	XP_017759980.1
OG0008276	XP_015430071.1	XP_017764608.1
OG0008277	XP_015434894.1	XP_017753892.1
OG0008279	XP_015433853.1	XP_017757709.1
OG0008280	XP_015428499.1	XP_017753592.1
OG0008281	XP_015435859.1	XP_017761763.1
OG0008283	XP_015435401.1	XP_017753993.1
OG0008285	XP_015438532.1	XP_017767771.1
OG0008286	XP_015432663.1	XP_017762115.1
OG0008287	XP_015438804.1	XP_017760180.1
OG0008289	XP_015434862.1	XP_017753842.1
OG0008290	XP_015433728.1	XP_017765154.1
OG0008291	XP_015431818.1	XP_017762227.1
OG0008292	XP_015428525.1	XP_017752230.1
OG0008293	XP_015429946.1	XP_017764899.1
OG0008296	XP_015438464.1	XP_017758015.1
OG0008297	XP_015434116.1	XP_017759343.1
OG0008298	XP_015434241.1	XP_017764817.1
OG0008300	XP_015428511.1	XP_017766670.1
OG0008301	XP_015428797.1	XP_017765801.1
OG0008302	XP_015436327.1	XP_017765641.1
OG0008304	XP_015436798.1	XP_017754463.1
OG0008307	XP_015434540.1	XP_017762665.1, XP_017762740.1
OG0008310	XP_015428663.1	XP_017766760.1
OG0008314	XP_015430730.1	XP_017759076.1
OG0008315	XP_015435017.1	XP_017756319.1
OG0008316	XP_015429582.1	XP_017756762.1
OG0008317	XP_015432464.1, XP_015432462.1	XP_017758171.1
OG0008318	XP_015432361.1	XP_017766860.1
OG0008319	XP_015435751.1	XP_017757122.1
OG0008321	XP_015439537.1	XP_017762640.1
OG0008322	XP_015434732.1	XP_017752764.1
OG0008323	XP_015433505.1	XP_017754543.1
OG0008324	XP_015431163.1	XP_017755731.1
OG0008325	XP_015431769.1	XP_017754593.1
OG0008326	XP_015428946.1	XP_017767406.1, XP_017767407.1
OG0008327	XP_015433273.1	XP_017767707.1
OG0008328	XP_015430233.1	XP_017761517.1
OG0008329	XP_015440268.1	XP_017757478.1
OG0008330	XP_015429750.1	XP_017763113.1
OG0008331	XP_015435910.1	XP_017767113.1
OG0008332	XP_015432404.1	XP_017766851.1
OG0008334	XP_015438733.1	XP_017761988.1
OG0008335	XP_015428604.1	XP_017755572.1
OG0008336	XP_015428982.1	XP_017754740.1
OG0008337	XP_015435478.1	XP_017759002.1
OG0008338	XP_015430951.1	XP_017764321.1
OG0008339	XP_015430591.1	XP_017758377.1
OG0008340	XP_015430416.1	XP_017761626.1
OG0008341	XP_015436073.1	XP_017752836.1
OG0008342	XP_015429015.1	XP_017758676.1
OG0008343	XP_015429020.1	XP_017762547.1, XP_017762520.1
OG0008344	XP_015429018.1	XP_017762537.1
OG0008345	XP_015438470.1	XP_017759035.1
OG0008346	XP_015432689.1	XP_017762215.1
OG0008348	XP_015434982.1	XP_017755389.1
OG0008350	XP_015431642.1	XP_017758556.1
OG0008352	XP_015434235.1	XP_017760440.1
OG0008353	XP_015429575.1	XP_017763072.1
OG0008354	XP_015435081.1	XP_017763524.1
OG0008355	XP_015430508.1	XP_017761654.1
OG0008356	XP_015436356.1	XP_017755742.1
OG0008357	XP_015431331.1, XP_015431332.1	XP_017756457.1
OG0008358	XP_015429996.1	XP_017754377.1
OG0008361	XP_015432707.1	XP_017754602.1
OG0008363	XP_015438309.1	XP_017753098.1
OG0008364	XP_015431682.1	XP_017766330.1
OG0008365	XP_015435470.1	XP_017753996.1
OG0008369	XP_015430086.1	XP_017764287.1
OG0008370	XP_015436788.1	XP_017763710.1
OG0008371	XP_015438403.1	XP_017758253.1
OG0008372	XP_015431286.1	XP_017757846.1
OG0008373	XP_015428858.1	XP_017767498.1
OG0008374	XP_015435471.1	XP_017764857.1
OG0008375	XP_015439230.1	XP_017765516.1
OG0008376	XP_015439397.1	XP_017752822.1
OG0008379	XP_015435347.1	XP_017764844.1
OG0008381	XP_015437046.1	XP_017762346.1
OG0008382	XP_015438968.1	XP_017759926.1
OG0008383	XP_015436433.1	XP_017763251.1
OG0008384	XP_015439676.1, XP_015439323.1	XP_017765762.1
OG0008385	XP_015430527.1	XP_017761648.1
OG0008387	XP_015434892.1	XP_017753745.1
OG0008388	XP_015438446.1, XP_015438445.1	XP_017758393.1
OG0008389	XP_015429740.1	XP_017765539.1
OG0008390	XP_015431009.1	XP_017754889.1
OG0008392	XP_015438603.1	XP_017764733.1
OG0008393	XP_015438686.1	XP_017761022.1
OG0008405	XP_015433156.1	XP_017758057.1
OG0008406	XP_015434401.1	XP_017756652.1
OG0008407	XP_015431038.1	XP_017759171.1
OG0008408	XP_015428707.1	XP_017759556.1
OG0008410	XP_015438931.1	XP_017761510.1
OG0008411	XP_015432106.1	XP_017756491.1
OG0008412	XP_015429198.1	XP_017763473.1
OG0008413	XP_015432482.1	XP_017765085.1
OG0008414	XP_015432078.1	XP_017762152.1
OG0008415	XP_015438659.1	XP_017766196.1
OG0008417	XP_015439978.1	XP_017765953.1
OG0008419	XP_015428419.1	XP_017760127.1
OG0008420	XP_015435821.1	XP_017752305.1
OG0008422	XP_015437452.1	XP_017760329.1
OG0008424	XP_015433307.1	XP_017752794.1
OG0008429	XP_015435182.1	XP_017758259.1
OG0008431	XP_015439521.1	XP_017758798.1
OG0008433	XP_015432159.1	XP_017762921.1
OG0008434	XP_015429936.1	XP_017764915.1
OG0008437	XP_015435209.1	XP_017757822.1
OG0008439	XP_015430029.1	XP_017759835.1
OG0008440	XP_015437847.1	XP_017753031.1
OG0008441	XP_015434610.1	XP_017756790.1
OG0008442	XP_015428834.1	XP_017762471.1
OG0008443	XP_015432500.1	XP_017753848.1
OG0008445	XP_015432210.1	XP_017756162.1
OG0008446	XP_015437684.1	XP_017766815.1
OG0008449	XP_015428462.1	XP_017762148.1
OG0008451	XP_015438050.1	XP_017763103.1
OG0008452	XP_015434642.1	XP_017762240.1
OG0008453	XP_015429777.1	XP_017760389.1
OG0008454	XP_015437338.1	XP_017760726.1
OG0008457	XP_015439057.1	XP_017759899.1
OG0008460	XP_015433403.1	XP_017766103.1
OG0008461	XP_015435319.1	XP_017754058.1
OG0008463	XP_015435770.1	XP_017767068.1
OG0008464	XP_015434965.1	XP_017755096.1
OG0008472	XP_015435870.1	XP_017752427.1
OG0008474	XP_015431122.1	XP_017758298.1
OG0008475	XP_015432089.1	XP_017753447.1
OG0008476	XP_015431409.1	XP_017760516.1
OG0008477	XP_015435489.1	XP_017754769.1
OG0008479	XP_015432712.1	XP_017761003.1
OG0008483	XP_015431941.1	XP_017761710.1
OG0008484	XP_015434607.1	XP_017756089.1
OG0008485	XP_015432648.1	XP_017760531.1
OG0008488	XP_015429454.1	XP_017761864.1
OG0008490	XP_015434820.1	XP_017764269.1
OG0008492	XP_015428425.1	XP_017753572.1
OG0008493	XP_015429524.1	XP_017753914.1
OG0008494	XP_015429991.1	XP_017759824.1
OG0008496	XP_015433875.1	XP_017762079.1
OG0008497	XP_015434631.1	XP_017753567.1
OG0008498	XP_015434950.1	XP_017756360.1
OG0008499	XP_015430626.1	XP_017757133.1
OG0008500	XP_015434524.1	XP_017763778.1
OG0008501	XP_015437124.1	XP_017766106.1
OG0008502	XP_015435259.1	XP_017758019.1
OG0008503	XP_015440510.1	XP_017761448.1
OG0008504	XP_015437703.1	XP_017757776.1
OG0008505	XP_015434399.1	XP_017763584.1
OG0008506	XP_015429933.1	XP_017764363.1
OG0008507	XP_015436394.1	XP_017758782.1
OG0008508	XP_015437122.1	XP_017762392.1
OG0008509	XP_015432325.1	XP_017766645.1
OG0008510	XP_015439330.1	XP_017752825.1
OG0008511	XP_015431739.1	XP_017758575.1
OG0008512	XP_015439616.1	XP_017759697.1
OG0008513	XP_015437226.1	XP_017766096.1
OG0008514	XP_015437177.1	XP_017765634.1, XP_017754457.1
OG0008515	XP_015429503.1	XP_017756763.1
OG0008516	XP_015439654.1	XP_017761778.1
OG0008517	XP_015437889.1	XP_017762671.1
OG0008518	XP_015432149.1	XP_017756167.1
OG0008519	XP_015430205.1	XP_017761512.1
OG0008521	XP_015429701.1	XP_017763111.1
OG0008522	XP_015435984.1	XP_017754287.1
OG0008523	XP_015428487.1	XP_017763296.1
OG0008524	XP_015435791.1	XP_017752359.1
OG0008525	XP_015439474.1	XP_017756829.1
OG0008526	XP_015432262.1	XP_017753411.1
OG0008527	XP_015432793.1	XP_017752221.1
OG0008528	XP_015431998.1	XP_017765290.1
OG0008529	XP_015438618.1	XP_017756819.1
OG0008530	XP_015433087.1	XP_017764613.1
OG0008531	XP_015429159.1	XP_017765203.1
OG0008532	XP_015429152.1	XP_017758675.1
OG0008533	XP_015436072.1	XP_017753862.1
OG0008534	XP_015436169.1	XP_017756930.1
OG0008535	XP_015439662.1	XP_017757439.1
OG0008537	XP_015429390.1	XP_017766966.1
OG0008538	XP_015429151.1	XP_017765691.1
OG0008539	XP_015429385.1	XP_017756649.1
OG0008540	XP_015438208.1	XP_017753480.1
OG0008541	XP_015432806.1	XP_017753727.1
OG0008542	XP_015436852.1	XP_017762585.1
OG0008543	XP_015429948.1	XP_017753510.1
OG0008544	XP_015431278.1	XP_017766350.1
OG0008547	XP_015428448.1	XP_017762161.1
OG0008549	XP_015437613.1	XP_017761308.1
OG0008550	XP_015433535.1	XP_017754536.1
OG0008551	XP_015438601.1	XP_017764726.1
OG0008552	XP_015438951.1	XP_017767150.1
OG0008553	XP_015429613.1	XP_017765416.1
OG0008554	XP_015430363.1	XP_017754611.1
OG0008555	XP_015432994.1	XP_017756342.1, XP_017754691.1
OG0008556	XP_015437273.1	XP_017756383.1
OG0008557	XP_015435947.1	XP_017767107.1
OG0008558	XP_015438336.1	XP_017764698.1
OG0008559	XP_015439697.1	XP_017755303.1
OG0008560	XP_015439686.1	XP_017761338.1
OG0008561	XP_015439642.1	XP_017757546.1
OG0008562	XP_015438201.1	XP_017761436.1
OG0008563	XP_015440352.1	XP_017767754.1
OG0008564	XP_015440356.1	XP_017752133.1, XP_017752135.1
OG0008565	XP_015431005.1	XP_017754901.1
OG0008566	XP_015435661.1	XP_017760660.1
OG0008567	XP_015429190.1	XP_017756770.1
OG0008568	XP_015429517.1	XP_017760285.1
OG0008569	XP_015439502.1	XP_017755736.1, XP_017755737.1
OG0008570	XP_015438390.1	XP_017759043.1
OG0008571	XP_015431263.1	XP_017756455.1
OG0008572	XP_015438366.1	XP_017757552.1, XP_017758364.1
OG0008573	XP_015437769.1	XP_017762301.1
OG0008574	XP_015429656.1	XP_017763353.1
OG0008575	XP_015429228.1	XP_017762561.1
OG0008576	XP_015433570.1	XP_017761120.1
OG0008577	XP_015429811.1	XP_017756993.1
OG0008578	XP_015431268.1	XP_017764123.1
OG0008579	XP_015438451.1	XP_017758479.1
OG0008580	XP_015429420.1	XP_017762700.1
OG0008581	XP_015439160.1	XP_017762878.1
OG0008582	XP_015434335.1	XP_017752309.1
OG0008583	XP_015429737.1	XP_017761282.1
OG0008584	XP_015434334.1	XP_017766756.1
OG0008585	XP_015432306.1	XP_017766817.1
OG0008586	XP_015430323.1, XP_015430322.1	XP_017754654.1
OG0008587	XP_015430517.1, XP_015430518.1, XP_015433512.1	XP_017754462.1
OG0008588	XP_015440133.1	XP_017757411.1
OG0008589	XP_015439657.1	XP_017755595.1
OG0008601	XP_015432553.1	XP_017762703.1
OG0008602	XP_015437988.1	XP_017761857.1
OG0008604	XP_015430229.1	XP_017759322.1
OG0008606	XP_015431765.1	XP_017754564.1
OG0008607	XP_015431749.1	XP_017755217.1
OG0008608	XP_015439108.1	XP_017760539.1
OG0008609	XP_015434095.1	XP_017767259.1
OG0008610	XP_015432077.1	XP_017762086.1
OG0008611	XP_015430169.1	XP_017758037.1
OG0008612	XP_015430357.1	XP_017754650.1
OG0008613	XP_015435848.1	XP_017757295.1
OG0008616	XP_015438731.1	XP_017761967.1
OG0008617	XP_015438761.1	XP_017761972.1
OG0008618	XP_015436044.1	XP_017755820.1
OG0008622	XP_015436463.1	XP_017767136.1
OG0008623	XP_015433124.1	XP_017752457.1
OG0008625	XP_015434016.1	XP_017762738.1
OG0008626	XP_015435083.1	XP_017763445.1
OG0008629	XP_015434028.1	XP_017759392.1
OG0008630	XP_015430952.1	XP_017754951.1
OG0008633	XP_015432452.1, XP_015432454.1	XP_017765022.1
OG0008636	XP_015440320.1	XP_017767553.1
OG0008640	XP_015430413.1	XP_017761639.1
OG0008641	XP_015437364.1	XP_017762279.1
OG0008642	XP_015432555.1	XP_017754317.1
OG0008646	XP_015431948.1	XP_017757100.1
OG0008649	XP_015432030.1	XP_017761186.1
OG0008651	XP_015438012.1	XP_017760235.1
OG0008653	XP_015438074.1	XP_017754465.1
OG0008655	XP_015436064.1	XP_017765552.1
OG0008656	XP_015436898.1	XP_017760928.1
OG0008658	XP_015431658.1	XP_017754796.1
OG0008659	XP_015438228.1	XP_017753243.1
OG0008660	XP_015432922.1	XP_017753990.1
OG0008662	XP_015431536.1	XP_017762337.1
OG0008664	XP_015430791.1	XP_017756082.1
OG0008666	XP_015430134.1	XP_017765969.1
OG0008667	XP_015434011.1	XP_017764239.1
OG0008668	XP_015436627.1	XP_017754871.1
OG0008670	XP_015428553.1	XP_017766629.1
OG0008671	XP_015431942.1	XP_017761718.1
OG0008673	XP_015439590.1	XP_017767324.1
OG0008676	XP_015431015.1	XP_017754874.1
OG0008677	XP_015433760.1	XP_017765793.1
OG0008678	XP_015440223.1	XP_017755251.1
OG0008679	XP_015435165.1, XP_015432540.1	XP_017766296.1
OG0008680	XP_015432664.1	XP_017762137.1
OG0008681	XP_015436952.1	XP_017765834.1
OG0008682	XP_015440147.1	XP_017761359.1
OG0008683	XP_015439566.1	XP_017767453.1
OG0008684	XP_015430624.1	XP_017760090.1
OG0008685	XP_015429131.1	XP_017758654.1
OG0008686	XP_015435090.1, XP_015439570.1	XP_017755926.1
OG0008687	XP_015438395.1	XP_017758349.1
OG0008688	XP_015430224.1	XP_017761621.1, XP_017761622.1
OG0008691	XP_015432380.1	XP_017766618.1
OG0008692	XP_015429536.1	XP_017765808.1
OG0008693	XP_015439477.1	XP_017756831.1
OG0008695	XP_015434605.1	XP_017756182.1
OG0008696	XP_015437580.1	XP_017753099.1
OG0008697	XP_015430182.1	XP_017758042.1
OG0008698	XP_015431450.1	XP_017756063.1
OG0008699	XP_015428522.1	XP_017752226.1
OG0008700	XP_015429309.1, XP_015439271.1	XP_017763173.1
OG0008701	XP_015438537.1	XP_017764707.1
OG0008702	XP_015439715.1	XP_017761344.1
OG0008703	XP_015432453.1	XP_017766392.1
OG0008704	XP_015429662.1	XP_017762334.1
OG0008705	XP_015438185.1	XP_017764875.1
OG0008706	XP_015438868.1	XP_017760380.1
OG0008707	XP_015429914.1	XP_017759059.1
OG0008708	XP_015428677.1	XP_017755111.1
OG0008709	XP_015429249.1	XP_017762610.1
OG0008710	XP_015428414.1	XP_017763288.1
OG0008711	XP_015433621.1	XP_017766745.1
OG0008712	XP_015435906.1	XP_017767041.1
OG0008713	XP_015439472.1	XP_017756915.1
OG0008714	XP_015437924.1	XP_017758033.1
OG0008715	XP_015433490.1	XP_017754932.1
OG0008716	XP_015439666.1	XP_017757428.1
OG0008717	XP_015438195.1	XP_017753357.1, XP_017753358.1, XP_017753356.1, XP_017753361.1, XP_017753360.1
OG0008718	XP_015431396.1	XP_017754750.1
OG0008719	XP_015436451.1	XP_017759796.1
OG0008720	XP_015438557.1	XP_017764724.1
OG0008722	XP_015432633.1	XP_017766152.1
OG0008723	XP_015433650.1	XP_017766993.1
OG0008724	XP_015429766.1	XP_017755600.1
OG0008725	XP_015438305.1	XP_017756715.1
OG0008726	XP_015429989.1	XP_017764361.1
OG0008727	XP_015436105.1	XP_017755711.1
OG0008728	XP_015439480.1	XP_017756913.1
OG0008729	XP_015430176.1	XP_017762013.1
OG0008730	XP_015434031.1	XP_017767213.1
OG0008732	XP_015434701.1	XP_017752766.1
OG0008733	XP_015428992.1	XP_017754693.1
OG0008735	XP_015434097.1	XP_017755352.1
OG0008736	XP_015439282.1	XP_017756780.1
OG0008737	XP_015439217.1	XP_017765837.1
OG0008738	XP_015428498.1	XP_017762162.1
OG0008739	XP_015439700.1	XP_017763880.1
OG0008740	XP_015428452.1	XP_017762199.1
OG0008742	XP_015440355.1	XP_017767768.1
OG0008744	XP_015436461.1	XP_017759805.1
OG0008746	XP_015435993.1, XP_015435994.1	XP_017754279.1
OG0008747	XP_015429213.1	XP_017762614.1
OG0008748	XP_015433777.1	XP_017765131.1
OG0008749	XP_015435092.1	XP_017763449.1
OG0008750	XP_015436097.1	XP_017755838.1
OG0008751	XP_015436622.1	XP_017756523.1
OG0008753	XP_015438397.1	XP_017758516.1
OG0008754	XP_015438817.1	XP_017760382.1
OG0008755	XP_015435494.1	XP_017754782.1
OG0008756	XP_015437728.1	XP_017762262.1
OG0008757	XP_015430210.1	XP_017759290.1
OG0008758	XP_015438913.1	XP_017753756.1
OG0008759	XP_015431884.1	XP_017752643.1
OG0008760	XP_015439308.1	XP_017752781.1
OG0008763	XP_015439991.1	XP_017755503.1
OG0008764	XP_015438181.1	XP_017761349.1
OG0008765	XP_015437579.1	XP_017753103.1
OG0008766	XP_015438205.1	XP_017759798.1
OG0008767	XP_015435999.1	XP_017752287.1
OG0008768	XP_015432193.1	XP_017756125.1
OG0008769	XP_015429007.1	XP_017765318.1
OG0008770	XP_015438147.1	XP_017765744.1
OG0008771	XP_015439723.1	XP_017758732.1, XP_017758733.1
OG0008772	XP_015433662.1	XP_017757304.1
OG0008773	XP_015439567.1	XP_017767438.1
OG0008774	XP_015432041.1	XP_017761735.1
OG0008775	XP_015429210.1	XP_017761746.1
OG0008776	XP_015428508.1	XP_017766517.1
OG0008776	XP_015428509.1	XP_017766516.1
OG0008777	XP_015432947.1	XP_017754083.1
OG0008778	XP_015438350.1	XP_017764727.1
OG0008782	XP_015434328.1	XP_017762380.1, XP_017760970.1
OG0008796	XP_015433085.1	XP_017760269.1
OG0008798	XP_015436417.1	XP_017756928.1
OG0008799	XP_015434603.1	XP_017756096.1
OG0008801	XP_015438950.1	XP_017767255.1
OG0008802	XP_015439423.1	XP_017765264.1
OG0008803	XP_015432410.1	XP_017766784.1
OG0008807	XP_015439783.1	XP_017762039.1
OG0008808	XP_015436350.1	XP_017761799.1
OG0008811	XP_015429149.1	XP_017754701.1
OG0008812	XP_015434800.1	XP_017754419.1
OG0008815	XP_015428642.1	XP_017760741.1
OG0008816	XP_015438762.1	XP_017753514.1
OG0008817	XP_015440433.1	XP_017761430.1
OG0008831	XP_015437391.1	XP_017760854.1
OG0008836	XP_015429590.1	XP_017756687.1
OG0008840	XP_015434565.1	XP_017762413.1, XP_017762417.1
OG0008846	XP_015430707.1	XP_017757203.1
OG0008852	XP_015432413.1	XP_017765035.1
OG0008855	XP_015432436.1	XP_017765024.1
OG0008857	XP_015438893.1, XP_015437864.1, XP_015438121.1	XP_017762233.1, XP_017764352.1
OG0008858	XP_015432658.1	XP_017761026.1
OG0008859	XP_015436797.1	XP_017754522.1
OG0008860	XP_015433131.1	XP_017767767.1
OG0008866	XP_015433603.1	XP_017766678.1
OG0008867	XP_015436943.1	XP_017765864.1
OG0008868	XP_015432839.1	XP_017765982.1
OG0008869	XP_015438612.1	XP_017753423.1
OG0008870	XP_015433792.1	XP_017757695.1
OG0008871	XP_015430645.1	XP_017756286.1
OG0008872	XP_015433196.1	XP_017765226.1
OG0008873	XP_015433958.1	XP_017762729.1
OG0008874	XP_015432448.1	XP_017765254.1
OG0008875	XP_015429537.1	XP_017763345.1
OG0008876	XP_015432319.1	XP_017766497.1
OG0008877	XP_015431803.1	XP_017753401.1
OG0008878	XP_015430741.1	XP_017765439.1
OG0008879	XP_015429271.1	XP_017763506.1
OG0008880	XP_015439304.1	XP_017752775.1
OG0008881	XP_015433247.1	XP_017762943.1
OG0008883	XP_015439496.1	XP_017763242.1
OG0008884	XP_015429279.1	XP_017756752.1
OG0008885	XP_015435603.1	XP_017763812.1
OG0008886	XP_015428842.1	XP_017754433.1
OG0008888	XP_015430650.1	XP_017756511.1
OG0008889	XP_015428872.1	XP_017752504.1
OG0008890	XP_015432359.1	XP_017766341.1
OG0008891	XP_015428773.1	XP_017755101.1
OG0008892	XP_015431808.1	XP_017753373.1
OG0008893	XP_015439625.1	XP_017763721.1
OG0008894	XP_015429834.1	XP_017759673.1
OG0008895	XP_015436687.1	XP_017763135.1, XP_017763127.1
OG0008896	XP_015430295.1	XP_017754677.1
OG0008897	XP_015431648.1	XP_017758551.1
OG0008899	XP_015438768.1	XP_017755465.1
OG0008900	XP_015429532.1	XP_017763080.1
OG0008901	XP_015432299.1	XP_017766653.1
OG0008902	XP_015435973.1	XP_017752296.1
OG0008903	XP_015433599.1	XP_017766534.1
OG0008904	XP_015433127.1	XP_017752143.1
OG0008905	XP_015433139.1	XP_017764948.1
OG0008907	XP_015440303.1	XP_017752485.1
OG0008908	XP_015438954.1	XP_017762865.1
OG0008909	XP_015434029.1	XP_017759296.1
OG0008910	XP_015436522.1	XP_017763916.1
OG0008911	XP_015439302.1	XP_017763005.1
OG0008912	XP_015439278.1	XP_017752710.1
OG0008914	XP_015429623.1	XP_017763508.1
OG0008915	XP_015433379.1	XP_017767663.1
OG0008916	XP_015439602.1	XP_017767335.1
OG0008917	XP_015432250.1	XP_017756148.1
OG0008918	XP_015428901.1	XP_017767548.1
OG0008919	XP_015430600.1	XP_017758439.1
OG0008920	XP_015435480.1	XP_017761950.1
OG0008921	XP_015436049.1	XP_017764046.1
OG0008922	XP_015438197.1	XP_017753278.1
OG0008923	XP_015432551.1	XP_017760533.1
OG0008924	XP_015435696.1	XP_017758192.1
OG0008925	XP_015432971.1	XP_017766486.1
OG0008926	XP_015437617.1	XP_017761122.1
OG0008928	XP_015438256.1	XP_017758276.1
OG0008930	XP_015429384.1	XP_017756634.1, XP_017756633.1
OG0008931	XP_015435098.1	XP_017763451.1
OG0008932	XP_015430406.1	XP_017764183.1
OG0008933	XP_015436127.1	XP_017761806.1
OG0008935	XP_015436353.1	XP_017758687.1
OG0008936	XP_015432321.1	XP_017766499.1
OG0008938	XP_015432387.1	XP_017766861.1
OG0008939	XP_015433223.1	XP_017765245.1
OG0008940	XP_015439435.1	XP_017758170.1
OG0008941	XP_015438688.1	XP_017766890.1
OG0008943	XP_015432815.1	XP_017760984.1
OG0008944	XP_015435298.1, XP_015435299.1	XP_017764659.1, XP_017764660.1
OG0008945	XP_015437842.1	XP_017757996.1
OG0008946	XP_015429014.1	XP_017765204.1
OG0008947	XP_015434958.1	XP_017756298.1
OG0008948	XP_015429277.1	XP_017765422.1
OG0008949	XP_015435782.1	XP_017767108.1
OG0008950	XP_015434398.1	XP_017764561.1
OG0008952	XP_015429687.1	XP_017767565.1
OG0008953	XP_015440350.1	XP_017766140.1
OG0008954	XP_015434470.1	XP_017763774.1
OG0008956	XP_015429191.1	XP_017753941.1
OG0008957	XP_015430467.1	XP_017763608.1
OG0008958	XP_015429196.1	XP_017763498.1
OG0008959	XP_015430400.1	XP_017763128.1
OG0008960	XP_015433481.1	XP_017754461.1
OG0008961	XP_015436108.1	XP_017758813.1
OG0008962	XP_015439497.1	XP_017763255.1
OG0008963	XP_015439476.1	XP_017756830.1
OG0008964	XP_015436067.1	XP_017761797.1
OG0008965	XP_015439501.1	XP_017755732.1
OG0008966	XP_015431283.1	XP_017766238.1
OG0008967	XP_015439569.1	XP_017767320.1
OG0008968	XP_015435241.1	XP_017759085.1
OG0008969	XP_015437016.1	XP_017760669.1
OG0008970	XP_015437431.1	XP_017759089.1
OG0008971	XP_015436365.1	XP_017761420.1
OG0008972	XP_015432094.1	XP_017758688.1
OG0008973	XP_015434080.1	XP_017767268.1
OG0008974	XP_015439309.1	XP_017752859.1
OG0008975	XP_015437548.1	XP_017766868.1
OG0008976	XP_015439413.1	XP_017752854.1
OG0008977	XP_015433005.1	XP_017765999.1
OG0008978	XP_015439617.1	XP_017759751.1
OG0008979	XP_015432207.1	XP_017756138.1
OG0008980	XP_015438967.1	XP_017759868.1
OG0008982	XP_015437607.1	XP_017760094.1
OG0008983	XP_015437578.1	XP_017753104.1, XP_017765622.1
OG0008984	XP_015432478.1	XP_017753794.1
OG0008985	XP_015438189.1	XP_017753223.1
OG0008986	XP_015439716.1	XP_017761343.1
OG0008987	XP_015440438.1	XP_017763438.1
OG0008988	XP_015434109.1	XP_017762358.1
OG0008995	XP_015431725.1	XP_017757036.1
OG0009009	XP_015429943.1	XP_017764908.1
OG0009011	XP_015429616.1	XP_017753936.1
OG0009016	XP_015429798.1	XP_017755153.1
OG0009030	XP_015433715.1	XP_017756518.1
OG0009031	XP_015429257.1	XP_017763442.1
OG0009041	XP_015439750.1	XP_017762034.1
OG0009043	XP_015431892.1	XP_017761214.1
OG0009045	XP_015435495.1	XP_017754910.1
OG0009047	XP_015439770.1	XP_017762218.1, XP_017765298.1, XP_017758767.1
OG0009048	XP_015432040.1	XP_017764039.1
OG0009051	XP_015429801.1	XP_017762778.1
OG0009052	XP_015435644.1	XP_017757722.1
OG0009053	XP_015431295.1	XP_017758817.1
OG0009054	XP_015429744.1	XP_017763117.1
OG0009055	XP_015439547.1	XP_017756914.1
OG0009056	XP_015438840.1	XP_017765292.1
OG0009059	XP_015430395.1	XP_017764484.1
OG0009060	XP_015438853.1	XP_017760831.1
OG0009061	XP_015433719.1	XP_017757700.1
OG0009062	XP_015439964.1	XP_017755267.1
OG0009063	XP_015430411.1	XP_017761623.1
OG0009064	XP_015435351.1	XP_017755521.1
OG0009065	XP_015435096.1	XP_017763470.1
OG0009066	XP_015429555.1	XP_017763078.1
OG0009067	XP_015439196.1	XP_017765515.1
OG0009068	XP_015438142.1	XP_017766620.1
OG0009069	XP_015429535.1	XP_017765810.1
OG0009070	XP_015431051.1	XP_017755707.1
OG0009071	XP_015432087.1	XP_017753406.1
OG0009072	XP_015430642.1	XP_017755880.1
OG0009073	XP_015439674.1	XP_017757551.1
OG0009074	XP_015430072.1	XP_017762443.1
OG0009075	XP_015435400.1	XP_017764541.1
OG0009076	XP_015436831.1	XP_017762575.1
OG0009077	XP_015429702.1	XP_017758944.1
OG0009078	XP_015440219.1	XP_017761118.1
OG0009079	XP_015434295.1	XP_017761733.1
OG0009080	XP_015439242.1, XP_015439240.1	XP_017760580.1
OG0009081	XP_015439478.1	XP_017756832.1
OG0009082	XP_015430220.1	XP_017761616.1
OG0009083	XP_015429010.1	XP_017758664.1
OG0009084	XP_015440529.1	XP_017761437.1
OG0009085	XP_015432245.1	XP_017758691.1
OG0009087	XP_015431564.1, XP_015431582.1, XP_015431572.1	XP_017766489.1
OG0009088	XP_015428432.1	XP_017762081.1
OG0009089	XP_015436561.1	XP_017753476.1
OG0009090	XP_015436550.1	XP_017753453.1
OG0009091	XP_015431659.1	XP_017755213.1
OG0009094	XP_015434522.1	XP_017755007.1
OG0009095	XP_015436090.1, XP_015436091.1	XP_017756822.1
OG0009096	XP_015439465.1	XP_017756825.1
OG0009099	XP_015433414.1	XP_017756599.1
OG0009100	XP_015439361.1	XP_017766935.1
OG0009101	XP_015435585.1	XP_017764944.1
OG0009102	XP_015436346.1	XP_017755044.1
OG0009103	XP_015431494.1	XP_017765635.1, XP_017766344.1
OG0009105	XP_015431875.1	XP_017762226.1
OG0009106	XP_015433627.1	XP_017766994.1
OG0009107	XP_015430639.1	XP_017760066.1
OG0009108	XP_015439685.1	XP_017761339.1
OG0009109	XP_015440188.1	XP_017758768.1
OG0009110	XP_015439754.1	XP_017765330.1
OG0009111	XP_015439734.1	XP_017762944.1
OG0009112	XP_015436706.1	XP_017752450.1
OG0009114	XP_015432840.1	XP_017766052.1
OG0009115	XP_015440358.1	XP_017767757.1
OG0009116	XP_015436354.1	XP_017761024.1
OG0009118	XP_015438898.1	XP_017754991.1
OG0009119	XP_015437261.1	XP_017756637.1
OG0009122	XP_015439492.1	XP_017762642.1
OG0009126	XP_015431279.1	XP_017766213.1
OG0009127	XP_015433415.1	XP_017756600.1
OG0009128	XP_015430128.1	XP_017753968.1
OG0009130	XP_015432843.1	XP_017763257.1
OG0009131	XP_015438962.1	XP_017756796.1
OG0009132	XP_015430252.1	XP_017764418.1
OG0009134	XP_015440009.1	XP_017758029.1
OG0009135	XP_015436280.1	XP_017756897.1
OG0009136	XP_015440331.1	XP_017762666.1
OG0009137	XP_015439295.1	XP_017754768.1
OG0009138	XP_015432254.1	XP_017762087.1
OG0009139	XP_015439937.1	XP_017763885.1
OG0009141	XP_015440314.1	XP_017767646.1
OG0009144	XP_015432544.1	XP_017762241.1, XP_017762242.1
OG0009168	XP_015429951.1	XP_017759684.1
OG0009177	XP_015428881.1	XP_017767332.1
OG0009179	XP_015440440.1	XP_017761435.1
OG0009200	XP_015438892.1	XP_017761311.1
OG0009207	XP_015435097.1	XP_017763509.1
OG0009208	XP_015436407.1	XP_017765598.1
OG0009209	XP_015429136.1	XP_017754737.1
OG0009210	XP_015436884.1	XP_017765888.1
OG0009211	XP_015438555.1	XP_017765384.1
OG0009212	XP_015429053.1	XP_017753506.1
OG0009213	XP_015429125.1	XP_017762533.1
OG0009214	XP_015438223.1	XP_017765286.1
OG0009215	XP_015431008.1	XP_017754913.1
OG0009216	XP_015438418.1	XP_017758368.1, XP_017757499.1
OG0009217	XP_015439469.1	XP_017756827.1
OG0009218	XP_015431049.1	XP_017759604.1
OG0009219	XP_015436910.1	XP_017765874.1
OG0009221	XP_015436074.1	XP_017761821.1
OG0009224	XP_015439671.1	XP_017757424.1
OG0009225	XP_015428969.1	XP_017757047.1
OG0009226	XP_015434012.1	XP_017756362.1
OG0009228	XP_015437424.1	XP_017753246.1
OG0009230	XP_015430511.1	XP_017764200.1
OG0009232	XP_015431010.1	XP_017755030.1
OG0009235	XP_015431285.1	XP_017757845.1
OG0009236	XP_015438389.1	XP_017757488.1, XP_017758369.1
OG0009237	XP_015439306.1	XP_017758045.1
OG0009238	XP_015438620.1	XP_017755587.1
OG0009241	XP_015437000.1	XP_017760439.1
OG0009243	XP_015439335.1	XP_017764684.1
OG0009244	XP_015435157.1, XP_015435158.1	XP_017755918.1
OG0009245	XP_015428945.1	XP_017767405.1
OG0009246	XP_015429814.1	XP_017754374.1
OG0009247	XP_015437730.1	XP_017762261.1
OG0009252	XP_015435586.1	XP_017764943.1
OG0009254	XP_015435037.1	XP_017756289.1
OG0009257	XP_015440326.1	XP_017767551.1, XP_017767550.1
OG0009258	XP_015439668.1	XP_017757575.1
OG0009260	XP_015439724.1	XP_017758710.1
OG0009263	XP_015432537.1	XP_017766277.1
OG0009266	XP_015437267.1	XP_017756636.1
OG0009267	XP_015433277.1	XP_017758965.1
OG0009268	XP_015438798.1	XP_017761432.1
OG0009270	XP_015432109.1	XP_017762177.1
OG0009272	XP_015434040.1	XP_017760542.1
OG0009273	XP_015434096.1	XP_017767142.1
OG0009276	XP_015434059.1	XP_017755511.1
OG0009277	XP_015428976.1	XP_017765687.1
OG0009278	XP_015431685.1	XP_017759769.1
OG0009279	XP_015437711.1	XP_017762330.1, XP_017762329.1
OG0009280	XP_015439105.1	XP_017761531.1
OG0009281	XP_015433007.1	XP_017761142.1
OG0009282	XP_015439706.1	XP_017761341.1
OG0009283	XP_015431966.1	XP_017758304.1
OG0009285	XP_015438637.1	XP_017766872.1
OG0009286	XP_015439135.1	XP_017752576.1
OG0009287	XP_015428943.1	XP_017767386.1
OG0009288	XP_015435650.1	XP_017760462.1
OG0009290	XP_015438982.1	XP_017761617.1
OG0009292	XP_015430396.1	XP_017755887.1
OG0009323	XP_015430556.1, XP_015430555.1	XP_017761636.1
OG0009332	XP_015433729.1	XP_017765145.1
OG0009335	XP_015438075.1	XP_017765497.1
OG0009336	XP_015438072.1	XP_017761125.1
OG0009342	XP_015432204.1	XP_017756127.1
OG0009343	XP_015437907.1	XP_017763239.1
OG0009351	XP_015436082.1	XP_017756816.1
OG0009354	XP_015431113.1	XP_017754446.1
OG0009358	XP_015436377.1	XP_017761429.1
OG0009362	XP_015436919.1	XP_017765882.1
OG0009363	XP_015434669.1	XP_017756152.1
OG0009364	XP_015434377.1	XP_017766210.1
OG0009365	XP_015435702.1	XP_017760468.1
OG0009366	XP_015435783.1	XP_017767109.1
OG0009367	XP_015429525.1	XP_017763053.1
OG0009370	XP_015432832.1	XP_017753989.1
OG0009371	XP_015430424.1	XP_017764525.1
OG0009372	XP_015431270.1	XP_017764116.1
OG0009373	XP_015439473.1	XP_017756828.1
OG0009374	XP_015439479.1	XP_017756833.1
OG0009375	XP_015436458.1	XP_017759334.1
OG0009376	XP_015436457.1	XP_017759300.1
OG0009380	XP_015438313.1	XP_017755902.1
OG0009384	XP_015439850.1	XP_017757456.1
OG0009391	XP_015439691.1	XP_017755230.1
OG0009396	XP_015436932.1	XP_017760154.1
OG0009398	XP_015436205.1	XP_017755154.1
OG0009399	XP_015437717.1	XP_017764782.1
OG0009402	XP_015432794.1	XP_017752211.1
OG0009404	XP_015429817.1	XP_017764877.1
OG0009406	XP_015436343.1	XP_017760915.1
OG0009407	XP_015434380.1	XP_017755274.1
OG0009408	XP_015437085.1	XP_017763215.1
OG0009409	XP_015433071.1	XP_017754000.1
OG0009410	XP_015438283.1	XP_017761624.1
OG0009412	XP_015434047.1	XP_017767225.1
OG0009414	XP_015440446.1	XP_017760343.1
OG0009422	XP_015434151.1	XP_017767197.1
OG0009443	XP_015434391.1	XP_017755022.1
OG0009447	XP_015437950.1	XP_017758132.1
OG0009448	XP_015434081.1	XP_017767153.1
OG0009463	XP_015430214.1	XP_017760544.1
OG0009473	XP_015440003.1	XP_017761386.1
OG0009491	XP_015436911.1	XP_017765883.1
OG0009492	XP_015436527.1	XP_017754780.1
OG0009493	XP_015431219.1	XP_017759740.1
OG0009494	XP_015432668.1	XP_017754636.1
OG0009495	XP_015431459.1	XP_017762366.1
OG0009496	XP_015429527.1	XP_017763051.1
OG0009498	XP_015436402.1	XP_017753134.1
OG0009499	XP_015431661.1	XP_017761102.1
OG0009501	XP_015435589.1	XP_017764941.1
OG0009506	XP_015428405.1	XP_017761498.1
OG0009507	XP_015440441.1	XP_017761438.1
OG0009508	XP_015429342.1	XP_017759050.1
OG0009509	XP_015436851.1	XP_017762579.1
OG0009510	XP_015428728.1	XP_017760236.1, XP_017755071.1
OG0009513	XP_015431674.1	XP_017754555.1
OG0009517	XP_015433733.1	XP_017759979.1
OG0009524	XP_015437867.1	XP_017762660.1
OG0009525	XP_015434693.1	XP_017752763.1
OG0009534	XP_015430906.1	XP_017763563.1
OG0009538	XP_015434343.1	XP_017755514.1
OG0009539	XP_015431458.1	XP_017759557.1
OG0009540	XP_015436136.1	XP_017758847.1
OG0009542	XP_015435569.1	XP_017765639.1
OG0009543	XP_015433351.1	XP_017767620.1
OG0009544	XP_015429002.1	XP_017754723.1
OG0009547	XP_015436520.1	XP_017763917.1
OG0009554	XP_015436033.1	XP_017755028.1
OG0009554	XP_015436032.1	XP_017755029.1
OG0009562	XP_015432539.1, XP_015435717.1	XP_017763205.1
OG0009622	XP_015439648.1	XP_017757422.1
OG0009629	XP_015429691.1	XP_017764491.1
OG0009662	XP_015436883.1	XP_017766320.1
OG0009663	XP_015430637.1	XP_017760118.1
OG0009665	XP_015430399.1	XP_017763125.1
OG0009668	XP_015436905.1	XP_017765897.1
OG0009671	XP_015428588.1	XP_017766848.1
OG0009673	XP_015433185.1	XP_017764982.1
OG0009675	XP_015433199.1	XP_017765247.1
OG0009676	XP_015434589.1	XP_017753533.1
OG0009681	XP_015438956.1	XP_017762864.1
OG0009683	XP_015439680.1	XP_017767710.1
OG0009690	XP_015432535.1	XP_017758356.1
OG0009696	XP_015437246.1	XP_017760159.1
OG0009697	XP_015439326.1	XP_017765210.1
OG0009703	XP_015429383.1	XP_017756613.1, XP_017756612.1
OG0009704	XP_015429677.1	XP_017763112.1
OG0009709	XP_015432808.1	XP_017766473.1
OG0009711	XP_015433878.1	XP_017762080.1
OG0009718	XP_015430538.1	XP_017761230.1
OG0009721	XP_015435952.1	XP_017763043.1
OG0009725	XP_015433652.1	XP_017767080.1
OG0009797	XP_015435556.1	XP_017757710.1
OG0009814	XP_015431360.1	XP_017766345.1
OG0009852	XP_015438899.1	XP_017754990.1
OG0009859	XP_015436126.1	XP_017761827.1
OG0009865	XP_015440121.1	XP_017758261.1
OG0009870	XP_015435800.1	XP_017763371.1
OG0009873	XP_015439157.1	XP_017759974.1
OG0009874	XP_015439150.1	XP_017754562.1
OG0009876	XP_015434744.1, XP_015434743.1	XP_017764804.1
OG0009884	XP_015435604.1	XP_017753735.1
OG0009886	XP_015429708.1	XP_017762858.1
OG0009887	XP_015438394.1	XP_017758480.1
OG0009889	XP_015433745.1	XP_017757891.1
OG0009890	XP_015436882.1	XP_017767183.1
OG0009892	XP_015432298.1	XP_017766523.1
OG0009893	XP_015434813.1	XP_017753749.1
OG0009894	XP_015431260.1	XP_017756487.1
OG0010082	XP_015432074.1	XP_017760997.1
OG0010113	XP_015435591.1, XP_015435610.1	XP_017761199.1
OG0010117	XP_015435261.1	XP_017764535.1
OG0010140	XP_015438866.1	XP_017760381.1
OG0010275	XP_015434795.1	XP_017753748.1
OG0010376	XP_015430254.1	XP_017759641.1
OG0010381	XP_015431671.1	XP_017754556.1
OG0010392	XP_015435088.1	XP_017755909.1
OG0010393	XP_015432388.1	XP_017766863.1
OG0010401	XP_015432570.1	XP_017764811.1
OG0010424	XP_015429813.1	XP_017757018.1
OG0010438	XP_015437458.1	XP_017764597.1
OG0010715	XP_015431937.1	XP_017759420.1
OG0010724	XP_015432073.1	XP_017760996.1
OG0011175	XP_015437599.1	XP_017760065.1
OG0011202	XP_015435683.1	XP_017760020.1
OG0011203	XP_015434233.1	XP_017762677.1
OG0011255	XP_015437547.1	XP_017763619.1
OG0011288	XP_015436081.1	XP_017756882.1
OG0011545	XP_015436026.1	XP_017762606.1
OG0011952	XP_015428518.1	XP_017766505.1
OG0011953	XP_015432796.1	XP_017753049.1
OG0012742	XP_015428966.1	XP_017765689.1
OG0013057	XP_015428482.1	XP_017763337.1
OG0013061	XP_015431965.1	XP_017761699.1
OG0013063	XP_015439742.1	XP_017753664.1
OG0015384	XP_015440385.1	XP_017752139.1
