GO.ID	Term	Annotated	Significant	Expected	weight01KS	classicKS	weight01KSpadj	classicKSpadj
GO:0003735	structural constituent of ribosome	157	110	76.64	3.2e-11	3.2e-11	1.2767999999999999e-8	1.2767999999999999e-8
GO:0003723	RNA binding	599	343	292.42	0.00041	1.5e-05	0.08179499999999999	0.00149625
GO:0016877	ligase activity, forming carbon-sulfur bonds	23	18	11.23	0.00315	0.00315	0.38653125	0.12078818181818182
GO:0030515	snoRNA binding	20	15	9.76	0.00575	0.00575	0.38653125	0.163875
GO:0016796	exonuclease activity, active with either ribo- or deoxyribonucleic acids and producing 5'-phosphomonoesters	37	19	18.06	0.00589	0.20842	0.38653125	0.6935404918032787
GO:0005261	cation channel activity	108	62	52.72	0.00661	0.11904	0.38653125	0.5926056818181819
GO:0003697	single-stranded DNA binding	44	31	21.48	0.00698	0.00698	0.38653125	0.177555
GO:0042803	protein homodimerization activity	115	70	56.14	0.00775	0.00775	0.38653125	0.18189705882352938
GO:0051082	unfolded protein binding	68	43	33.2	0.01001	0.01001	0.3960075	0.19260818181818182
GO:0003730	mRNA 3'-UTR binding	32	22	15.62	0.01038	0.01038	0.3960075	0.19260818181818182
GO:0045182	translation regulator activity	86	49	41.98	0.01139	0.05764	0.3960075	0.4392764150943396
GO:0030170	pyridoxal phosphate binding	35	22	17.09	0.01191	0.01191	0.3960075	0.1951908
GO:1990837	sequence-specific double-stranded DNA binding	335	171	163.54	0.01303	0.20065	0.39992076923076925	0.6901668103448276
GO:0008235	metalloexopeptidase activity	31	20	15.13	0.01404	0.01404	0.40014	0.21546
GO:0003899	DNA-directed 5'-3' RNA polymerase activity	30	19	14.65	0.02152	0.02152	0.56931	0.2761828125
GO:0004177	aminopeptidase activity	29	18	14.16	0.02382	0.02382	0.56931	0.27656400000000003
GO:0015078	proton transmembrane transporter activity	64	36	31.24	0.02554	0.02554	0.56931	0.28216461538461535
GO:0016651	oxidoreductase activity, acting on NAD(P)H	49	30	23.92	0.02571	0.00522	0.56931	0.16021384615384615
GO:0003684	damaged DNA binding	24	15	11.72	0.02711	0.02711	0.56931	0.28216461538461535
GO:0003677	DNA binding	729	384	355.88	0.03434	0.01223	0.6639722727272727	0.1951908
GO:0019899	enzyme binding	468	234	228.46	0.03505	0.32147	0.6639722727272727	0.822221346153846
GO:0015171	amino acid transmembrane transporter activity	41	27	20.02	0.03661	0.03661	0.6639722727272727	0.34779499999999997
GO:0016788	hydrolase activity, acting on ester bonds	368	193	179.65	0.03929	0.05052	0.6784246875	0.39524470588235294
GO:0004521	endoribonuclease activity	41	26	20.02	0.04142	0.08530	0.6784246875	0.5489467741935484
GO:0016893	endonuclease activity, active with either ribo- or deoxyribonucleic acids and producing 5'-phosphomonoesters	32	18	15.62	0.04363	0.03822	0.6784246875	0.3546460465116279
GO:0008574	ATP-dependent microtubule motor activity, plus-end-directed	22	16	10.74	0.04607	0.04607	0.6784246875	0.3911048936170213
GO:0008094	DNA-dependent ATPase activity	70	42	34.17	0.04680	0.01062	0.6784246875	0.19260818181818182
GO:0003724	RNA helicase activity	49	31	23.92	0.04951	0.04951	0.6784246875	0.39524470588235294
GO:0008289	lipid binding	162	83	79.08	0.04984	0.35845	0.6784246875	0.8413032352941177
GO:0090079	translation regulator activity, nucleic acid binding	77	42	37.59	0.05284	0.12121	0.6784246875	0.5926056818181819
GO:0003729	mRNA binding	178	100	86.89	0.05311	0.00333	0.6784246875	0.12078818181818182
GO:0016741	transferase activity, transferring one-carbon groups	122	56	59.56	0.05441	0.93440	0.6784246875	1
GO:0016782	transferase activity, transferring sulfur-containing groups	28	19	13.67	0.05835	0.05835	0.6800733333333333	0.4392764150943396
GO:0004386	helicase activity	105	66	51.26	0.06048	0.00118	0.6800733333333333	0.06726
GO:0004536	deoxyribonuclease activity	36	20	17.57	0.06077	0.00712	0.6800733333333333	0.177555
GO:0016835	carbon-oxygen lyase activity	46	24	22.46	0.06136	0.53013	0.6800733333333333	0.9719064864864866
GO:0019843	rRNA binding	37	24	18.06	0.06604	0.06604	0.7110384615384615	0.4804906779661017
GO:0016831	carboxy-lyase activity	21	12	10.25	0.06774	0.06774	0.7110384615384615	0.4804906779661017
GO:0003678	DNA helicase activity	50	28	24.41	0.06950	0.00993	0.7110384615384615	0.19260818181818182
GO:0008092	cytoskeletal protein binding	310	166	151.33	0.08437	0.12242	0.8148557142857142	0.5926056818181819
GO:0030674	protein-macromolecule adaptor activity	84	46	41.01	0.08494	0.04430	0.8148557142857142	0.384254347826087
GO:0008170	N-methyltransferase activity	52	26	25.38	0.08806	0.68354	0.8148557142857142	1
GO:0005524	ATP binding	650	329	317.31	0.09143	0.09143	0.8148557142857142	0.5541263636363637
GO:0004520	endodeoxyribonuclease activity	23	12	11.23	0.09166	0.09166	0.8148557142857142	0.5541263636363637
GO:0003725	double-stranded RNA binding	20	11	9.76	0.09424	0.09424	0.8148557142857142	0.5601389999999999
GO:0008017	microtubule binding	107	55	52.23	0.09621	0.09621	0.8148557142857142	0.5601389999999999
GO:0008137	NADH dehydrogenase (ubiquinone) activity	20	13	9.76	0.09827	0.09827	0.8148557142857142	0.5601389999999999
GO:0003954	NADH dehydrogenase activity	28	19	13.67	0.09926	0.01987	0.8148557142857142	0.2761828125
GO:0016538	cyclin-dependent protein serine/threonine kinase regulator activity	20	14	9.76	0.10007	0.10007	0.8148557142857142	0.5623652112676056
GO:0043138	3'-5' DNA helicase activity	21	10	10.25	0.10430	0.10430	0.8163070588235294	0.5779958333333334
GO:0004930	G protein-coupled receptor activity	75	36	36.61	0.10434	0.14253	0.8163070588235294	0.631883
GO:0017022	myosin binding	36	23	17.57	0.10947	0.10947	0.8322537735849056	0.589138846153846
GO:0005215	transporter activity	487	236	237.74	0.11055	0.64989	0.8322537735849056	1
GO:0080030	methyl indole-3-acetate esterase activity	20	13	9.76	0.11434	0.11434	0.8349256363636364	0.589138846153846
GO:0030295	protein kinase activator activity	25	16	12.2	0.11509	0.11509	0.8349256363636364	0.589138846153846
GO:0016298	lipase activity	47	25	22.94	0.11764	0.35555	0.838185	0.8413032352941177
GO:0008238	exopeptidase activity	44	29	21.48	0.12223	0.00191	0.8430396610169492	0.08467666666666668
GO:0005515	protein binding	2769	1394	1351.75	0.12334	0.02758	0.8430396610169492	0.28216461538461535
GO:0009055	electron transfer activity	52	30	25.38	0.12466	0.12466	0.8430396610169492	0.5926056818181819
GO:0005253	anion channel activity	22	16	10.74	0.12865	0.07794	0.8447578125	0.518301
GO:0003777	microtubule motor activity	47	30	22.94	0.13161	0.02321	0.8447578125	0.27656400000000003
GO:0016209	antioxidant activity	33	18	16.11	0.13162	0.34525	0.8447578125	0.8413032352941177
GO:0008135	translation factor activity, RNA binding	64	33	31.24	0.13432	0.39584	0.8447578125	0.912948901734104
GO:0001216	DNA-binding transcription activator activity	85	43	41.49	0.13550	0.27627	0.8447578125	0.7993487323943662
GO:0003713	transcription coactivator activity	69	35	33.68	0.14958	0.14958	0.8656704000000001	0.6396751546391752
GO:0061650	ubiquitin-like protein conjugating enzyme activity	27	17	13.18	0.15041	0.08354	0.8656704000000001	0.5464337704918033
GO:0000149	SNARE binding	44	25	21.48	0.15101	0.18273	0.8656704000000001	0.6588891891891892
GO:0000166	nucleotide binding	917	448	447.65	0.15176	0.56946	0.8656704000000001	0.9800248101265823
GO:0030546	signaling receptor activator activity	65	29	31.73	0.15449	0.78102	0.8656704000000001	1
GO:0043022	ribosome binding	24	15	11.72	0.15551	0.15551	0.8656704000000001	0.6396751546391752
GO:0003700	DNA-binding transcription factor activity	368	184	179.65	0.15736	0.44985	0.8656704000000001	0.9552973134328357
GO:0005507	copper ion binding	23	14	11.23	0.16032	0.16032	0.8656704000000001	0.6479361
GO:0005254	chloride channel activity	20	14	9.76	0.16157	0.16157	0.8656704000000001	0.6479361
GO:0020037	heme binding	87	46	42.47	0.16239	0.16239	0.8656704000000001	0.6479361
GO:0016859	cis-trans isomerase activity	25	16	12.2	0.16272	0.29159	0.8656704000000001	0.8023752413793104
GO:0004527	exonuclease activity	52	28	25.38	0.16599	0.17655	0.8665554545454546	0.65569
GO:0016829	lyase activity	119	63	58.09	0.16916	0.02426	0.8665554545454546	0.27656400000000003
GO:0008066	glutamate receptor activity	20	13	9.76	0.17116	0.17116	0.8665554545454546	0.65569
GO:0017016	Ras GTPase binding	163	73	79.57	0.17705	0.81364	0.8665554545454546	1
GO:0005088	Ras guanyl-nucleotide exchange factor activity	59	29	28.8	0.18071	0.86079	0.8665554545454546	1
GO:0019900	kinase binding	106	61	51.75	0.18122	0.13033	0.8665554545454546	0.5926056818181819
GO:0004197	cysteine-type endopeptidase activity	30	16	14.65	0.18157	0.18157	0.8665554545454546	0.6588891891891892
GO:0008028	monocarboxylic acid transmembrane transporter activity	20	11	9.76	0.18330	0.18330	0.8665554545454546	0.6588891891891892
GO:0016830	carbon-carbon lyase activity	32	18	15.62	0.18498	0.03124	0.8665554545454546	0.311619
GO:0097159	organic cyclic compound binding	2248	1159	1097.41	0.18756	0.00104	0.8665554545454546	0.06726
GO:0003727	single-stranded RNA binding	32	20	15.62	0.18957	0.18957	0.8665554545454546	0.66913
GO:0030545	receptor regulator activity	68	32	33.2	0.19011	0.72075	0.8665554545454546	1
GO:0016891	endoribonuclease activity, producing 5'-phosphomonoesters	22	12	10.74	0.19112	0.19112	0.8665554545454546	0.66913
GO:0001653	peptide receptor activity	35	13	17.09	0.20032	0.35331	0.8980638202247191	0.8413032352941177
GO:0061631	ubiquitin conjugating enzyme activity	24	14	11.72	0.20430	0.20430	0.90573	0.6935404918032787
GO:0019901	protein kinase binding	92	52	44.91	0.21106	0.21106	0.919695	0.6935404918032787
GO:0042826	histone deacetylase binding	21	11	10.25	0.21206	0.21206	0.919695	0.6935404918032787
GO:0061630	ubiquitin protein ligase activity	123	59	60.05	0.21929	0.21929	0.9408248387096774	0.7113553658536587
GO:0003682	chromatin binding	184	96	89.82	0.22452	0.25027	0.953015744680851	0.779132558139535
GO:0042393	histone binding	80	41	39.05	0.22762	0.22762	0.956004	0.7324224193548386
GO:0019208	phosphatase regulator activity	22	9	10.74	0.23337	0.99501	0.9636878350515462	1
GO:1990939	ATP-dependent microtubule motor activity	35	23	17.09	0.23428	0.04333	0.9636878350515462	0.3841926666666667
GO:0052689	carboxylic ester hydrolase activity	77	44	37.59	0.23933	0.12761	0.9680183333333333	0.5926056818181819
GO:0008157	protein phosphatase 1 binding	24	11	11.72	0.24201	0.24201	0.9680183333333333	0.7622785039370079
GO:0004888	transmembrane signaling receptor activity	190	85	92.75	0.24593	0.87687	0.9680183333333333	1
GO:0035091	phosphatidylinositol binding	79	38	38.57	0.24802	0.40444	0.9680183333333333	0.9221231999999999
GO:0033218	amide binding	74	38	36.12	0.24904	0.43928	0.9680183333333333	0.9552973134328357
GO:0061629	RNA polymerase II-specific DNA-binding transcription factor binding	24	12	11.72	0.25190	0.25190	0.9680183333333333	0.779132558139535
GO:0034212	peptide N-acetyltransferase activity	53	27	25.87	0.25688	0.73092	0.9680183333333333	1
GO:0016853	isomerase activity	118	58	57.6	0.26049	0.47893	0.9680183333333333	0.9552973134328357
GO:0042054	histone methyltransferase activity	31	13	15.13	0.26065	0.70689	0.9680183333333333	1
GO:0004725	protein tyrosine phosphatase activity	34	20	16.6	0.26107	0.26107	0.9680183333333333	0.7909588235294117
GO:0019842	vitamin binding	53	33	25.87	0.26202	0.00987	0.9680183333333333	0.19260818181818182
GO:0042802	identical protein binding	173	103	84.45	0.26653	0.00438	0.9756465137614678	0.14563500000000001
GO:0016879	ligase activity, forming carbon-nitrogen bonds	38	23	18.55	0.26945	0.26945	0.9773686363636365	0.7909588235294117
GO:0016684	oxidoreductase activity, acting on peroxide as acceptor	24	14	11.72	0.27428	0.19768	0.9859254054054055	0.685863652173913
GO:0070491	repressing transcription factor binding	23	13	11.23	0.27785	0.27785	0.9872647826086958	0.7993487323943662
GO:0001099	basal RNA polymerase II transcription machinery binding	32	18	15.62	0.28409	0.28409	0.9872647826086958	0.7993487323943662
GO:0001664	G protein-coupled receptor binding	37	20	18.06	0.28448	0.28448	0.9872647826086958	0.7993487323943662
GO:1901363	heterocyclic compound binding	2234	1150	1090.58	0.28455	0.00162	0.9872647826086958	0.0807975
GO:0022836	gated channel activity	91	48	44.42	0.28863	0.64551	0.9926574358974358	1
GO:0004601	peroxidase activity	23	13	11.23	0.29108	0.29108	0.9926574358974358	0.8023752413793104
GO:0008408	3'-5' exonuclease activity	38	19	18.55	0.29911	0.29911	1	0.8099164429530201
GO:0004879	nuclear receptor activity	20	12	9.76	0.30059	0.30059	1	0.8099164429530201
GO:0016627	oxidoreductase activity, acting on the CH-CH group of donors	29	15	14.16	0.30998	0.30998	1	0.8132863636363636
GO:1902936	phosphatidylinositol bisphosphate binding	30	16	14.65	0.31225	0.31225	1	0.8132863636363636
GO:0015318	inorganic molecular entity transmembrane transporter activity	303	161	147.92	0.31408	0.09088	1	0.5541263636363637
GO:0005484	SNAP receptor activity	22	12	10.74	0.31731	0.31731	1	0.8168173548387097
GO:0043021	ribonucleoprotein complex binding	54	31	26.36	0.32006	0.17221	1	0.65569
GO:0031267	small GTPase binding	166	75	81.04	0.32125	0.77615	1	1
GO:0044389	ubiquitin-like protein ligase binding	41	22	20.02	0.32823	0.26960	1	0.7909588235294117
GO:0022843	voltage-gated cation channel activity	26	14	12.69	0.32913	0.32913	1	0.8311574050632912
GO:0017076	purine nucleotide binding	820	409	400.3	0.33330	0.54076	1	0.9719064864864866
GO:0001228	DNA-binding transcription activator activity, RNA polymerase II-specific	83	41	40.52	0.33535	0.33535	1	0.8355208695652173
GO:0001882	nucleoside binding	163	75	79.57	0.33539	0.99857	1	1
GO:0043175	RNA polymerase core enzyme binding	22	10	10.74	0.33714	0.33714	1	0.8355208695652173
GO:0016874	ligase activity	129	72	62.97	0.33973	0.14767	1	0.6396751546391752
GO:0005198	structural molecule activity	307	178	149.87	0.33986	7.4e-07	1	1.4763e-4
GO:0031625	ubiquitin protein ligase binding	40	21	19.53	0.34635	0.34635	1	0.8413032352941177
GO:0016810	hydrolase activity, acting on carbon-nitrogen (but not peptide) bonds	65	32	31.73	0.34997	0.50268	1	0.9719064864864866
GO:0004518	nuclease activity	112	61	54.68	0.35354	0.04120	1	0.37360909090909095
GO:0005244	voltage-gated ion channel activity	32	18	15.62	0.35373	0.17314	1	0.65569
GO:0000976	transcription regulatory region sequence-specific DNA binding	315	157	153.77	0.35519	0.30920	1	0.8132863636363636
GO:0016667	oxidoreductase activity, acting on a sulfur group of donors	33	16	16.11	0.37303	0.26872	1	0.7909588235294117
GO:0000287	magnesium ion binding	42	20	20.5	0.38240	0.38240	1	0.8908370930232558
GO:0030234	enzyme regulator activity	256	113	124.97	0.38374	0.70807	1	1
GO:0015036	disulfide oxidoreductase activity	25	12	12.2	0.38402	0.38402	1	0.8908370930232558
GO:0016614	oxidoreductase activity, acting on CH-OH group of donors	70	31	34.17	0.38434	0.30982	1	0.8132863636363636
GO:0017171	serine hydrolase activity	81	39	39.54	0.38742	0.76573	1	1
GO:0008324	cation transmembrane transporter activity	229	119	111.79	0.38794	0.34240	1	0.8413032352941177
GO:0042887	amide transmembrane transporter activity	22	12	10.74	0.38856	0.51743	1	0.9719064864864866
GO:0042578	phosphoric ester hydrolase activity	157	74	76.64	0.39002	0.84334	1	1
GO:0051213	dioxygenase activity	30	16	14.65	0.39909	0.39909	1	0.9151546551724138
GO:0008134	transcription factor binding	162	78	79.08	0.40146	0.52996	1	0.9719064864864866
GO:0008233	peptidase activity	262	123	127.9	0.40267	0.85355	1	1
GO:0004843	thiol-dependent ubiquitin-specific protease activity	36	15	17.57	0.40679	0.40679	1	0.9222114204545454
GO:0032182	ubiquitin-like protein binding	30	16	14.65	0.40778	0.76919	1	1
GO:0060090	molecular adaptor activity	112	61	54.68	0.41558	0.02623	1	0.28216461538461535
GO:0015399	primary active transmembrane transporter activity	73	38	35.64	0.41679	0.63326	1	1
GO:1901681	sulfur compound binding	43	22	20.99	0.42022	0.42022	1	0.9399905027932961
GO:0019207	kinase regulator activity	60	34	29.29	0.42053	0.13946	1	0.6252195505617978
GO:0061659	ubiquitin-like protein ligase activity	127	62	62	0.42216	0.17748	1	0.65569
GO:0003690	double-stranded DNA binding	366	188	178.67	0.42524	0.26603	1	0.7909588235294117
GO:0070063	RNA polymerase binding	24	11	11.72	0.42658	0.28811	1	0.8023752413793104
GO:0000978	RNA polymerase II cis-regulatory region sequence-specific DNA binding	177	89	86.41	0.43187	0.43187	1	0.9552973134328357
GO:0016410	N-acyltransferase activity	66	32	32.22	0.43269	0.78396	1	1
GO:0045503	dynein light chain binding	20	12	9.76	0.44224	0.44224	1	0.9552973134328357
GO:0005509	calcium ion binding	148	77	72.25	0.44803	0.44803	1	0.9552973134328357
GO:0005179	hormone activity	22	12	10.74	0.44899	0.44899	1	0.9552973134328357
GO:0015294	solute:cation symporter activity	37	18	18.06	0.44977	0.67335	1	1
GO:0019902	phosphatase binding	33	13	16.11	0.45041	0.56992	1	0.9800248101265823
GO:0017048	Rho GTPase binding	47	18	22.94	0.45153	0.75430	1	1
GO:0051087	chaperone binding	30	12	14.65	0.45912	0.45912	1	0.9552973134328357
GO:0051539	4 iron, 4 sulfur cluster binding	31	17	15.13	0.46332	0.46332	1	0.9552973134328357
GO:0043169	cation binding	1229	600	599.96	0.46470	0.89618	1	1
GO:0004812	aminoacyl-tRNA ligase activity	37	13	18.06	0.46621	0.46621	1	0.9552973134328357
GO:0019787	ubiquitin-like protein transferase activity	173	87	84.45	0.46806	0.16428	1	0.6489873267326733
GO:0008188	neuropeptide receptor activity	30	9	14.65	0.46908	0.46908	1	0.9552973134328357
GO:0005267	potassium channel activity	29	14	14.16	0.47141	0.47141	1	0.9552973134328357
GO:0019904	protein domain specific binding	82	31	40.03	0.47854	0.47854	1	0.9552973134328357
GO:0050660	flavin adenine dinucleotide binding	43	15	20.99	0.48124	0.48124	1	0.9552973134328357
GO:0003755	peptidyl-prolyl cis-trans isomerase activity	23	14	11.23	0.48392	0.48392	1	0.9558617821782178
GO:0038023	signaling receptor activity	234	111	114.23	0.48492	0.89961	1	1
GO:0008080	N-acetyltransferase activity	63	30	30.75	0.48756	0.80508	1	1
GO:0016763	transferase activity, transferring pentosyl groups	20	10	9.76	0.49213	0.49213	1	0.96729
GO:0003779	actin binding	133	68	64.93	0.49563	0.52100	1	0.9719064864864866
GO:0016903	oxidoreductase activity, acting on the aldehyde or oxo group of donors	27	12	13.18	0.49902	0.49902	1	0.9719064864864866
GO:0016491	oxidoreductase activity	414	202	202.1	0.50439	0.25778	1	0.7909588235294117
GO:1901981	phosphatidylinositol phosphate binding	54	26	26.36	0.50819	0.51914	1	0.9719064864864866
GO:0046906	tetrapyrrole binding	88	47	42.96	0.50822	0.19118	1	0.66913
GO:0031072	heat shock protein binding	27	12	13.18	0.50972	0.50972	1	0.9719064864864866
GO:0016887	ATPase activity	279	163	136.2	0.52091	0.00087	1	0.06726
GO:0008234	cysteine-type peptidase activity	52	25	25.38	0.52427	0.34838	1	0.8413032352941177
GO:0008173	RNA methyltransferase activity	46	24	22.46	0.52460	0.52460	1	0.9719064864864866
GO:0030695	GTPase regulator activity	87	39	42.47	0.52560	0.95075	1	1
GO:0051015	actin filament binding	66	34	32.22	0.53186	0.53186	1	0.9719064864864866
GO:0046914	transition metal ion binding	432	212	210.89	0.53869	0.64148	1	1
GO:0005262	calcium channel activity	32	17	15.62	0.53874	0.53874	1	0.9719064864864866
GO:0016740	transferase activity	1072	488	523.32	0.54136	0.99376	1	1
GO:0008194	UDP-glycosyltransferase activity	58	28	28.31	0.54342	0.87618	1	1
GO:0060590	ATPase regulator activity	21	8	10.25	0.54458	0.54458	1	0.9743830493273542
GO:0004620	phospholipase activity	28	13	13.67	0.55000	0.55000	1	0.9796875
GO:0008168	methyltransferase activity	116	51	56.63	0.55068	0.92426	1	1
GO:0005048	signal sequence binding	25	12	12.2	0.55336	0.55336	1	0.9800248101265823
GO:0016616	oxidoreductase activity, acting on the CH-OH group of donors, NAD or NADP as acceptor	57	26	27.83	0.55732	0.55732	1	0.9800248101265823
GO:0001046	core promoter sequence-specific DNA binding	21	10	10.25	0.55983	0.55983	1	0.9800248101265823
GO:0015293	symporter activity	49	24	23.92	0.56373	0.67780	1	1
GO:0004497	monooxygenase activity	70	32	34.17	0.56387	0.56387	1	0.9800248101265823
GO:0042277	peptide binding	57	28	27.83	0.56575	0.77890	1	1
GO:0005539	glycosaminoglycan binding	30	12	14.65	0.56861	0.56861	1	0.9800248101265823
GO:0051020	GTPase binding	189	86	92.26	0.56927	0.94816	1	1
GO:0000981	DNA-binding transcription factor activity, RNA polymerase II-specific	283	137	138.15	0.56956	0.45161	1	0.9552973134328357
GO:0008236	serine-type peptidase activity	80	38	39.05	0.57361	0.78969	1	1
GO:1901505	carbohydrate derivative transmembrane transporter activity	29	8	14.16	0.57694	0.57694	1	0.9800248101265823
GO:0004721	phosphoprotein phosphatase activity	73	38	35.64	0.57761	0.61718	1	1
GO:0000049	tRNA binding	33	11	16.11	0.57784	0.57784	1	0.9800248101265823
GO:0016811	hydrolase activity, acting on carbon-nitrogen (but not peptide) bonds, in linear amides	43	19	20.99	0.58014	0.58014	1	0.9800248101265823
GO:0016779	nucleotidyltransferase activity	84	43	41.01	0.58707	0.17598	1	0.65569
GO:0008270	zinc ion binding	311	151	151.82	0.58864	0.58864	1	0.9868376470588236
GO:0016787	hydrolase activity	1249	638	609.73	0.58928	0.08881	1	0.5541263636363637
GO:0140097	catalytic activity, acting on DNA	122	67	59.56	0.59249	0.02215	1	0.2761828125
GO:0015077	monovalent inorganic cation transmembrane transporter activity	143	75	69.81	0.59366	0.12821	1	0.5926056818181819
GO:0016798	hydrolase activity, acting on glycosyl bonds	67	31	32.71	0.59862	0.57734	1	0.9800248101265823
GO:0019905	syntaxin binding	22	11	10.74	0.60106	0.60106	1	0.9992622500000001
GO:0019205	nucleobase-containing compound kinase activity	29	12	14.16	0.61079	0.61079	1	1
GO:0140096	catalytic activity, acting on a protein	885	409	432.03	0.61194	0.86190	1	1
GO:0016407	acetyltransferase activity	73	35	35.64	0.61715	0.83057	1	1
GO:0015215	nucleotide transmembrane transporter activity	20	4	9.76	0.61739	0.61739	1	1
GO:0022884	macromolecule transmembrane transporter activity	20	11	9.76	0.62156	0.62156	1	1
GO:1904680	peptide transmembrane transporter activity	20	11	9.76	0.62156	0.62156	1	1
GO:0005230	extracellular ligand-gated ion channel activity	33	18	16.11	0.62315	0.61569	1	1
GO:0005516	calmodulin binding	38	21	18.55	0.62326	0.62326	1	1
GO:0005488	binding	4783	2382	2334.93	0.62332	0.01966	1	0.2761828125
GO:0005216	ion channel activity	133	76	64.93	0.63226	0.11824	1	0.5926056818181819
GO:0031490	chromatin DNA binding	46	24	22.46	0.64103	0.64103	1	1
GO:0018024	histone-lysine N-methyltransferase activity	26	10	12.69	0.65182	0.65182	1	1
GO:0019829	ATPase-coupled cation transmembrane transporter activity	27	14	13.18	0.65255	0.65255	1	1
GO:0043565	sequence-specific DNA binding	408	206	199.17	0.65655	0.27955	1	0.7993487323943662
GO:0003774	motor activity	69	42	33.68	0.66351	0.07105	1	0.4804906779661017
GO:0015108	chloride transmembrane transporter activity	30	19	14.65	0.66369	0.15519	1	0.6396751546391752
GO:0004553	hydrolase activity, hydrolyzing O-glycosyl compounds	49	21	23.92	0.66642	0.66642	1	1
GO:0008061	chitin binding	44	17	21.48	0.66678	0.66678	1	1
GO:0016773	phosphotransferase activity, alcohol group as acceptor	249	103	121.55	0.66710	0.94360	1	1
GO:0098960	postsynaptic neurotransmitter receptor activity	22	11	10.74	0.67074	0.67074	1	1
GO:0015631	tubulin binding	133	69	64.93	0.67345	0.23149	1	0.7389160800000001
GO:0015370	solute:sodium symporter activity	22	11	10.74	0.67513	0.67513	1	1
GO:0031491	nucleosome binding	27	13	13.18	0.67727	0.67727	1	1
GO:0000977	RNA polymerase II transcription regulatory region sequence-specific DNA binding	269	134	131.32	0.67742	0.43961	1	0.9552973134328357
GO:0022824	transmitter-gated ion channel activity	28	15	13.67	0.69029	0.69029	1	1
GO:0005200	structural constituent of cytoskeleton	31	14	15.13	0.69128	0.69128	1	1
GO:0016757	transferase activity, transferring glycosyl groups	119	55	58.09	0.69380	0.99748	1	1
GO:0004519	endonuclease activity	68	37	33.2	0.69618	0.14668	1	0.6396751546391752
GO:0016772	transferase activity, transferring phosphorus-containing groups	397	171	193.8	0.69771	0.92960	1	1
GO:0003743	translation initiation factor activity	40	17	19.53	0.69912	0.69912	1	1
GO:0016747	transferase activity, transferring acyl groups other than amino-acyl groups	140	63	68.34	0.70405	0.63695	1	1
GO:0015276	ligand-gated ion channel activity	53	28	25.87	0.70931	0.70735	1	1
GO:0005543	phospholipid binding	116	54	56.63	0.71918	0.72893	1	1
GO:0016746	transferase activity, transferring acyl groups	156	69	76.15	0.71953	0.68269	1	1
GO:0003714	transcription corepressor activity	44	20	21.48	0.72221	0.72221	1	1
GO:0015932	nucleobase-containing compound transmembrane transporter activity	29	8	14.16	0.72715	0.51848	1	0.9719064864864866
GO:0042626	ATPase-coupled transmembrane transporter activity	63	32	30.75	0.73407	0.66508	1	1
GO:0005089	Rho guanyl-nucleotide exchange factor activity	28	12	13.67	0.73648	0.73648	1	1
GO:0099094	ligand-gated cation channel activity	38	20	18.55	0.74268	0.74268	1	1
GO:0003676	nucleic acid binding	1380	743	673.68	0.74270	1.1e-05	1	0.0014629999999999999
GO:0044877	protein-containing complex binding	249	127	121.55	0.74326	0.42170	1	0.9399905027932961
GO:0051536	iron-sulfur cluster binding	50	25	24.41	0.74476	0.85701	1	1
GO:0016705	oxidoreductase activity, acting on paired donors, with incorporation or reduction of molecular oxygen	92	42	44.91	0.74841	0.74841	1	1
GO:0005549	odorant binding	40	10	19.53	0.74938	0.74938	1	1
GO:0042302	structural constituent of cuticle	41	16	20.02	0.74975	0.83915	1	1
GO:0030594	neurotransmitter receptor activity	46	24	22.46	0.75975	0.76911	1	1
GO:0004866	endopeptidase inhibitor activity	23	12	11.23	0.76083	0.76083	1	1
GO:0043168	anion binding	1055	521	515.02	0.76181	0.24263	1	0.7622785039370079
GO:0015267	channel activity	146	83	71.27	0.76549	0.11517	1	0.589138846153846
GO:0016247	channel regulator activity	20	9	9.76	0.76642	0.76642	1	1
GO:0022804	active transmembrane transporter activity	166	75	81.04	0.76905	0.99772	1	1
GO:0051537	2 iron, 2 sulfur cluster binding	21	10	10.25	0.77061	0.77061	1	1
GO:0000030	mannosyltransferase activity	20	8	9.76	0.77144	0.77144	1	1
GO:0016860	intramolecular oxidoreductase activity	26	11	12.69	0.77239	0.77239	1	1
GO:0004842	ubiquitin-protein transferase activity	163	79	79.57	0.77825	0.30245	1	0.8099164429530201
GO:0022890	inorganic cation transmembrane transporter activity	218	113	106.42	0.77940	0.26715	1	0.7909588235294117
GO:0016836	hydro-lyase activity	34	16	16.6	0.78347	0.78347	1	1
GO:0046983	protein dimerization activity	273	142	133.27	0.78488	0.21032	1	0.6935404918032787
GO:0032553	ribonucleotide binding	823	411	401.77	0.78519	0.51508	1	0.9719064864864866
GO:0008083	growth factor activity	23	9	11.23	0.78848	0.78848	1	1
GO:0032549	ribonucleoside binding	162	74	79.08	0.79053	0.99858	1	1
GO:0016896	exoribonuclease activity, producing 5'-phosphomonoesters	21	8	10.25	0.79555	0.79555	1	1
GO:0016279	protein-lysine N-methyltransferase activity	33	13	16.11	0.79775	0.54009	1	0.9719064864864866
GO:0004402	histone acetyltransferase activity	44	21	21.48	0.79918	0.79918	1	1
GO:0051287	NAD binding	24	9	11.72	0.80209	0.80209	1	1
GO:0008081	phosphoric diester hydrolase activity	29	12	14.16	0.80378	0.80378	1	1
GO:0005319	lipid transporter activity	34	16	16.6	0.80818	0.80818	1	1
GO:0004722	protein serine/threonine phosphatase activity	35	16	17.09	0.81473	0.81473	1	1
GO:0005506	iron ion binding	84	38	41.01	0.81809	0.81809	1	1
GO:0140030	modification-dependent protein binding	35	18	17.09	0.82324	0.82324	1	1
GO:0046872	metal ion binding	1215	592	593.13	0.82426	0.90872	1	1
GO:0008010	structural constituent of chitin-based larval cuticle	22	10	10.74	0.82993	0.82993	1	1
GO:0046982	protein heterodimerization activity	134	64	65.42	0.83093	0.83093	1	1
GO:0101005	ubiquitinyl hydrolase activity	37	15	18.06	0.83112	0.44224	1	0.9552973134328357
GO:0140296	general transcription initiation factor binding	22	8	10.74	0.83868	0.83868	1	1
GO:0016655	oxidoreductase activity, acting on NAD(P)H, quinone or similar compound as acceptor	22	13	10.74	0.83871	0.15491	1	0.6396751546391752
GO:0032559	adenyl ribonucleotide binding	665	337	324.63	0.83958	0.13070	1	0.5926056818181819
GO:0015103	inorganic anion transmembrane transporter activity	48	26	23.43	0.83960	0.52839	1	0.9719064864864866
GO:0097367	carbohydrate derivative binding	915	448	446.68	0.84228	0.75977	1	1
GO:0017112	Rab guanyl-nucleotide exchange factor activity	24	12	11.72	0.84235	0.84235	1	1
GO:0001227	DNA-binding transcription repressor activity, RNA polymerase II-specific	49	20	23.92	0.84246	0.84246	1	1
GO:0008514	organic anion transmembrane transporter activity	94	45	45.89	0.84947	0.66718	1	1
GO:0030276	clathrin binding	25	9	12.2	0.84957	0.84957	1	1
GO:0005085	guanyl-nucleotide exchange factor activity	85	41	41.49	0.85294	0.91298	1	1
GO:0061733	peptide-lysine-N-acetyltransferase activity	45	21	21.97	0.85323	0.79143	1	1
GO:0016462	pyrophosphatase activity	442	236	215.77	0.85503	0.07078	1	0.4804906779661017
GO:0008237	metallopeptidase activity	85	44	41.49	0.86077	0.65507	1	1
GO:0016791	phosphatase activity	126	61	61.51	0.86475	0.70316	1	1
GO:0036094	small molecule binding	996	493	486.22	0.86744	0.35626	1	0.8413032352941177
GO:0016765	transferase activity, transferring alkyl or aryl (other than methyl) groups	37	13	18.06	0.86747	0.86747	1	1
GO:0015085	calcium ion transmembrane transporter activity	46	22	22.46	0.87094	0.70705	1	1
GO:0004252	serine-type endopeptidase activity	65	29	31.73	0.87478	0.87478	1	1
GO:0016818	hydrolase activity, acting on acid anhydrides, in phosphorus-containing anhydrides	444	237	216.75	0.87579	0.07010	1	0.4804906779661017
GO:0015291	secondary active transmembrane transporter activity	92	37	44.91	0.88853	0.99736	1	1
GO:0015079	potassium ion transmembrane transporter activity	49	22	23.92	0.88971	0.60003	1	0.9992622500000001
GO:0140297	DNA-binding transcription factor binding	57	29	27.83	0.89159	0.32658	1	0.8299708280254777
GO:0005102	signaling receptor binding	206	100	100.56	0.89360	0.75414	1	1
GO:0000987	cis-regulatory region sequence-specific DNA binding	185	93	90.31	0.89423	0.47023	1	0.9552973134328357
GO:0008276	protein methyltransferase activity	47	20	22.94	0.90217	0.70326	1	1
GO:0140110	transcription regulator activity	502	247	245.06	0.90262	0.35791	1	0.8413032352941177
GO:0042625	ATPase-coupled ion transmembrane transporter activity	29	15	14.16	0.90730	0.73535	1	1
GO:0061135	endopeptidase regulator activity	25	12	12.2	0.91907	0.81023	1	1
GO:0003824	catalytic activity	2874	1402	1403.01	0.92019	0.80185	1	1
GO:0019887	protein kinase regulator activity	54	33	26.36	0.92511	0.12894	1	0.5926056818181819
GO:0004857	enzyme inhibitor activity	54	26	26.36	0.92874	0.95826	1	1
GO:0005214	structural constituent of chitin-based cuticle	32	12	15.62	0.93192	0.86263	1	1
GO:0019903	protein phosphatase binding	32	12	15.62	0.93401	0.53448	1	0.9719064864864866
GO:0050839	cell adhesion molecule binding	57	28	27.83	0.93744	0.93744	1	1
GO:0008047	enzyme activator activity	138	64	67.37	0.93808	0.93187	1	1
GO:0016301	kinase activity	303	125	147.92	0.93955	0.96271	1	1
GO:0043130	ubiquitin binding	25	13	12.2	0.93956	0.93956	1	1
GO:0046943	carboxylic acid transmembrane transporter activity	62	38	30.27	0.94256	0.05024	1	0.39524470588235294
GO:0004984	olfactory receptor activity	40	9	19.53	0.94280	0.94280	1	1
GO:0004713	protein tyrosine kinase activity	36	16	17.57	0.94328	0.94328	1	1
GO:0008509	anion transmembrane transporter activity	141	68	68.83	0.94400	0.73407	1	1
GO:0016758	transferase activity, transferring hexosyl groups	96	43	46.86	0.94681	0.98908	1	1
GO:0032561	guanyl ribonucleotide binding	162	75	79.08	0.95109	0.99877	1	1
GO:0001067	regulatory region nucleic acid binding	316	157	154.26	0.95778	0.31390	1	0.8132863636363636
GO:0048018	receptor ligand activity	64	28	31.24	0.95903	0.80073	1	1
GO:0004674	protein serine/threonine kinase activity	150	64	73.23	0.95920	0.95920	1	1
GO:0003712	transcription coregulator activity	153	70	74.69	0.96106	0.53582	1	0.9719064864864866
GO:0005096	GTPase activator activity	84	38	41.01	0.96129	0.96129	1	1
GO:0016776	phosphotransferase activity, phosphate group as acceptor	27	9	13.18	0.96214	0.96214	1	1
GO:0030414	peptidase inhibitor activity	27	13	13.18	0.96538	0.73508	1	1
GO:0140101	catalytic activity, acting on a tRNA	90	38	43.94	0.96720	0.95907	1	1
GO:0061134	peptidase regulator activity	34	15	16.6	0.96766	0.84095	1	1
GO:0008242	omega peptidase activity	41	16	20.02	0.96776	0.58212	1	0.9800248101265823
GO:0019199	transmembrane receptor protein kinase activity	22	9	10.74	0.96895	0.96895	1	1
GO:0008757	S-adenosylmethionine-dependent methyltransferase activity	90	38	43.94	0.96939	0.93227	1	1
GO:0004222	metalloendopeptidase activity	43	20	20.99	0.97087	0.97087	1	1
GO:0004672	protein kinase activity	195	84	95.19	0.97776	0.96543	1	1
GO:0046873	metal ion transmembrane transporter activity	136	62	66.39	0.98227	0.99758	1	1
GO:0008375	acetylglucosaminyltransferase activity	26	11	12.69	0.98774	0.98774	1	1
GO:0072509	divalent inorganic cation transmembrane transporter activity	57	25	27.83	0.98965	0.98944	1	1
GO:0030554	adenyl nucleotide binding	669	337	326.59	0.99202	0.15215	1	0.6396751546391752
GO:0030246	carbohydrate binding	59	25	28.8	0.99451	0.99451	1	1
GO:0015081	sodium ion transmembrane transporter activity	60	27	29.29	0.99468	0.92989	1	1
GO:0019888	protein phosphatase regulator activity	20	7	9.76	0.99546	0.99546	1	1
GO:0017137	Rab GTPase binding	88	37	42.96	0.99727	0.99626	1	1
GO:0015297	antiporter activity	37	14	18.06	0.99770	0.99770	1	1
GO:0140098	catalytic activity, acting on RNA	251	132	122.53	0.99838	0.21152	1	0.6935404918032787
GO:0005525	GTP binding	159	74	77.62	0.99861	0.99861	1	1
GO:0003924	GTPase activity	130	60	63.46	0.99886	0.99886	1	1
GO:0004175	endopeptidase activity	162	72	79.08	0.99959	0.95493	1	1
GO:0022857	transmembrane transporter activity	444	214	216.75	0.99976	0.74373	1	1
GO:0022853	active ion transmembrane transporter activity	100	42	48.82	0.99999	0.99997	1	1
GO:0019001	guanyl nucleotide binding	162	75	79.08	1.00000	0.99877	1	1
GO:0016278	lysine N-methyltransferase activity	33	13	16.11	1.00000	0.54009	1	0.9719064864864866
GO:0060589	nucleoside-triphosphatase regulator activity	108	47	52.72	1.00000	0.96651	1	1
GO:0022832	voltage-gated channel activity	32	18	15.62	1.00000	0.17314	1	0.65569
GO:0022834	ligand-gated channel activity	53	28	25.87	1.00000	0.70735	1	1
GO:0022835	transmitter-gated channel activity	28	15	13.67	1.00000	0.69029	1	1
GO:0003674	molecular_function	6764	3302	3302	1.00000	1.00000	1	1
GO:0005342	organic acid transmembrane transporter activity	62	38	30.27	1.00000	0.05024	1	0.39524470588235294
GO:0032550	purine ribonucleoside binding	159	74	77.62	1.00000	0.99861	1	1
GO:0032555	purine ribonucleotide binding	815	408	397.86	1.00000	0.48026	1	0.9552973134328357
GO:0017111	nucleoside-triphosphatase activity	423	230	206.5	1.00000	0.03296	1	0.32075707317073177
GO:0015605	organophosphate ester transmembrane transporter activity	20	4	9.76	1.00000	0.61739	1	1
GO:0022803	passive transmembrane transporter activity	146	83	71.27	1.00000	0.11517	1	0.589138846153846
GO:0060089	molecular transducer activity	234	111	114.23	1.00000	0.89961	1	1
GO:0098531	ligand-activated transcription factor activity	20	12	9.76	1.00000	0.30059	1	0.8099164429530201
GO:0001217	DNA-binding transcription repressor activity	49	20	23.92	1.00000	0.84246	1	1
GO:0019209	kinase activator activity	25	16	12.2	1.00000	0.11509	1	0.589138846153846
GO:1901265	nucleoside phosphate binding	917	448	447.65	1.00000	0.56946	1	0.9800248101265823
GO:0035639	purine ribonucleoside triphosphate binding	800	400	390.54	1.00000	0.47503	1	0.9552973134328357
GO:0034062	5'-3' RNA polymerase activity	30	19	14.65	1.00000	0.02152	1	0.2761828125
GO:0016875	ligase activity, forming carbon-oxygen bonds	37	13	18.06	1.00000	0.46621	1	0.9552973134328357
GO:0015075	ion transmembrane transporter activity	332	166	162.07	1.00000	0.41986	1	0.9399905027932961
GO:0070279	vitamin B6 binding	35	22	17.09	1.00000	0.01191	1	0.1951908
GO:0001098	basal transcription machinery binding	32	18	15.62	1.00000	0.28409	1	0.7993487323943662
GO:0016817	hydrolase activity, acting on acid anhydrides	444	237	216.75	1.00000	0.07010	1	0.4804906779661017
GO:0004540	ribonuclease activity	62	34	30.27	1.00000	0.33663	1	0.8355208695652173
GO:0008528	G protein-coupled peptide receptor activity	30	9	14.65	1.00000	0.46908	1	0.9552973134328357
GO:0004532	exoribonuclease activity	21	8	10.25	1.00000	0.79555	1	1
GO:0098772	molecular function regulator	910	432	444.24	1.00000	0.83499	1	1
GO:0050136	NADH dehydrogenase (quinone) activity	20	13	9.76	1.00000	0.09827	1	0.5601389999999999
GO:0001883	purine nucleoside binding	159	74	77.62	1.00000	0.99861	1	1
GO:0051540	metal cluster binding	50	25	24.41	1.00000	0.85701	1	1
GO:0043167	ion binding	2083	1011	1016.86	1.00000	0.90756	1	1
GO:0097747	RNA polymerase activity	30	19	14.65	1.00000	0.02152	1	0.2761828125
